29/12/2016 	27,89 	27,43 	28,21 	0,33 	1,20 	5.241.600
28/12/2016 	27,56 	26,26 	27,69 	0,16 	0,58 	6.932.100
27/12/2016 	27,40 	27,23 	28,13 	-0,60 	-2,14 	4.760.900
26/12/2016 	28,00 	27,96 	28,18 	0,05 	0,18 	2.138.800
23/12/2016 	27,95 	27,76 	28,58 	-0,25 	-0,89 	12.420.400
22/12/2016 	28,20 	27,68 	28,47 	0,10 	0,36 	8.584.100
21/12/2016 	28,10 	26,96 	28,33 	0,91 	3,35 	9.703.800
20/12/2016 	27,19 	26,01 	27,25 	1,29 	4,98 	12.719.200
19/12/2016 	25,90 	25,76 	26,77 	-0,59 	-2,23 	5.740.900
16/12/2016 	26,49 	24,78 	26,52 	2,00 	8,17 	17.579.500
15/12/2016 	24,49 	24,49 	26,38 	-1,54 	-5,92 	6.847.600
14/12/2016 	26,03 	25,87 	26,75 	-0,64 	-2,40 	8.805.300
13/12/2016 	26,67 	26,54 	27,69 	-0,28 	-1,04 	6.206.700
9/12/2016 	27,97 	27,94 	28,89 	-0,50 	-1,76 	4.702.700
8/12/2016 	28,47 	28,28 	29,68 	-0,77 	-2,63 	3.315.500
7/12/2016 	29,24 	28,44 	29,59 	0,90 	3,18 	5.908.500
6/12/2016 	28,34 	27,96 	28,87 	-0,12 	-0,42 	4.157.600
5/12/2016 	28,46 	28,06 	28,84 	-0,14 	-0,49 	4.685.400
2/12/2016 	28,60 	28,40 	29,10 	-0,30 	-1,04 	7.959.200
1/12/2016 	28,90 	28,72 	29,96 	-0,82 	-2,76 	9.674.700
30/11/2016 	29,72 	29,60 	30,27 	-0,01 	-0,03 	5.414.200
29/11/2016 	29,73 	29,57 	30,45 	-0,37 	-1,23 	5.419.900
28/11/2016 	30,10 	29,54 	30,71 	0,20 	0,67 	5.441.700
25/11/2016 	29,90 	29,41 	30,40 	-0,09 	-0,30 	3.210.400
24/11/2016 	29,99 	29,85 	30,75 	-0,37 	-1,22 	2.791.500
23/11/2016 	30,36 	29,71 	30,40 	0,36 	1,20 	5.611.500
22/11/2016 	30,00 	28,88 	30,08 	1,20 	4,17 	4.706.800
21/11/2016 	28,80 	28,69 	29,36 	-0,32 	-1,10 	5.953.700
18/11/2016 	29,12 	28,97 	29,66 	-0,54 	-1,82 	4.638.700
17/11/2016 	29,66 	29,34 	30,59 	-0,49 	-1,63 	3.744.000
16/11/2016 	30,15 	29,50 	30,50 	0,34 	1,14 	4.127.400
14/11/2016 	29,81 	29,27 	30,18 	-0,02 	-0,07 	5.900.900
11/11/2016 	29,83 	29,43 	30,41 	-0,61 	-2,00 	10.193.900
10/11/2016 	30,44 	30,17 	31,89 	-1,24 	-3,91 	8.410.500
9/11/2016 	31,68 	31,41 	32,46 	-1,03 	-3,15 	4.155.700
8/11/2016 	32,71 	31,98 	32,71 	0,33 	1,02 	2.195.300
7/11/2016 	32,38 	32,02 	32,48 	0,43 	1,35 	2.797.500
4/11/2016 	31,95 	31,76 	32,46 	-0,31 	-0,96 	2.914.700
3/11/2016 	32,26 	31,98 	33,10 	-0,22 	-0,68 	5.396.300
1/11/2016 	32,48 	32,25 	32,80 	0,08 	0,25 	4.162.400
31/10/2016 	32,40 	32,01 	32,67 	-0,13 	-0,40 	3.370.600
28/10/2016 	32,53 	31,90 	32,75 	-0,17 	-0,52 	3.685.600
27/10/2016 	32,70 	32,46 	33,00 	0,12 	0,37 	2.628.700
26/10/2016 	32,58 	32,25 	32,70 	-0,22 	-0,67 	3.178.500
25/10/2016 	32,80 	32,30 	32,88 	-0,05 	-0,15 	1.778.300
24/10/2016 	32,85 	32,65 	33,23 	-0,10 	-0,30 	3.728.000
21/10/2016 	32,95 	32,46 	33,16 	-0,05 	-0,15 	2.517.400
20/10/2016 	33,00 	32,17 	33,00 	0,32 	0,98 	5.019.800
19/10/2016 	32,68 	32,40 	33,23 	-0,05 	-0,15 	3.141.900
18/10/2016 	32,73 	31,71 	32,90 	0,82 	2,57 	5.643.100
17/10/2016 	31,91 	31,81 	32,39 	-0,09 	-0,28 	5.694.700
14/10/2016 	32,00 	31,67 	32,93 	-1,17 	-3,53 	25.717.000
13/10/2016 	33,17 	32,82 	33,69 	0,13 	0,39 	6.174.900
11/10/2016 	33,04 	32,88 	33,72 	-0,69 	-2,05 	5.504.800
10/10/2016 	33,73 	32,98 	33,73 	0,68 	2,06 	2.040.100
7/10/2016 	33,05 	32,62 	33,15 	0,25 	0,76 	3.620.300
6/10/2016 	32,80 	32,55 	33,34 	-0,41 	-1,23 	4.414.700
5/10/2016 	33,21 	33,02 	33,83 	-0,27 	-0,81 	4.025.600
4/10/2016 	33,48 	32,97 	33,51 	-0,03 	-0,09 	3.703.200
3/10/2016 	33,51 	32,48 	33,61 	1,00 	3,08 	2.926.400
30/09/2016 	32,51 	32,49 	33,25 	0,11 	0,34 	3.821.000
29/09/2016 	32,40 	32,22 	33,17 	-0,21 	-0,64 	3.177.100
28/09/2016 	32,61 	31,82 	32,97 	0,46 	1,43 	3.066.000
27/09/2016 	32,15 	31,74 	32,39 	0,15 	0,47 	2.384.300
26/09/2016 	32,00 	31,67 	32,30 	-0,35 	-1,08 	2.407.300
23/09/2016 	32,35 	32,25 	32,85 	-0,25 	-0,77 	2.517.700
22/09/2016 	32,60 	32,45 	33,00 	-0,02 	-0,06 	2.331.700
21/09/2016 	32,62 	32,16 	33,50 	-0,81 	-2,42 	5.567.000
20/09/2016 	33,43 	32,70 	33,45 	0,43 	1,30 	2.576.300
19/09/2016 	33,00 	32,66 	33,32 	0,20 	0,61 	3.753.100
16/09/2016 	33,06 	32,62 	33,21 	0,13 	0,39 	8.468.400
15/09/2016 	32,93 	32,15 	33,00 	0,33 	1,01 	4.863.500
14/09/2016 	32,60 	31,62 	32,83 	0,65 	2,03 	3.941.000
13/09/2016 	31,95 	31,42 	32,39 	-0,68 	-2,08 	5.615.800
12/09/2016 	32,63 	32,01 	32,74 	0,38 	1,18 	6.667.600
9/09/2016 	32,25 	32,11 	32,73 	-0,66 	-2,01 	5.575.900
8/09/2016 	32,91 	32,68 	33,09 	-0,09 	-0,27 	7.283.500
6/09/2016 	33,00 	32,66 	33,08 	0,25 	0,76 	4.346.700
5/09/2016 	32,75 	32,69 	33,40 	-0,35 	-1,06 	2.206.600
2/09/2016 	33,10 	32,38 	33,40 	0,08 	0,24 	6.814.400
1/09/2016 	33,02 	32,84 	33,88 	-0,57 	-1,70 	7.161.800
31/08/2016 	33,59 	33,02 	33,73 	0,07 	0,21 	4.114.200
30/08/2016 	33,52 	33,20 	33,88 	0,00 	0,00 	3.930.100
29/08/2016 	33,52 	32,95 	33,89 	0,52 	1,58 	3.319.500
26/08/2016 	33,00 	32,55 	33,81 	-0,85 	-2,51 	8.870.800
25/08/2016 	33,85 	33,71 	34,30 	-0,24 	-0,70 	2.632.300
24/08/2016 	34,09 	33,40 	34,37 	0,19 	0,56 	2.136.500
23/08/2016 	33,90 	33,81 	34,30 	-0,02 	-0,06 	2.470.500
22/08/2016 	33,92 	33,49 	34,38 	0,00 	0,00 	4.218.100
19/08/2016 	33,92 	33,74 	34,75 	-0,83 	-2,39 	4.611.100
18/08/2016 	34,75 	34,52 	35,17 	-0,34 	-0,97 	3.180.300
17/08/2016 	35,09 	33,84 	35,09 	0,32 	0,92 	5.536.600
16/08/2016 	34,77 	34,40 	35,10 	-0,35 	-1,00 	3.686.300
15/08/2016 	35,12 	34,80 	35,39 	-0,03 	-0,09 	2.481.100
12/08/2016 	35,15 	34,86 	35,88 	-0,53 	-1,49 	3.917.100
11/08/2016 	35,68 	34,71 	35,94 	0,68 	1,94 	3.520.600
10/08/2016 	35,00 	34,35 	35,52 	-0,20 	-0,57 	3.508.900
9/08/2016 	35,20 	35,11 	35,61 	0,00 	0,00 	3.484.300
8/08/2016 	35,20 	35,15 	35,77 	-0,59 	-1,65 	2.470.400
5/08/2016 	35,79 	35,16 	36,16 	0,16 	0,45 	4.963.300
4/08/2016 	35,63 	35,04 	36,32 	0,48 	1,37 	4.245.400
3/08/2016 	35,15 	34,75 	35,58 	-0,07 	-0,20 	4.029.100
2/08/2016 	35,22 	35,00 	37,37 	-2,11 	-5,65 	6.565.400
1/08/2016 	37,33 	36,85 	37,78 	0,58 	1,58 	3.824.400
29/07/2016 	36,75 	35,93 	37,05 	0,58 	1,60 	3.896.600
28/07/2016 	36,17 	35,39 	36,17 	0,32 	0,89 	3.547.600
27/07/2016 	35,85 	35,35 	36,26 	-0,24 	-0,67 	2.217.800
26/07/2016 	36,09 	35,93 	36,58 	-0,21 	-0,58 	2.700.900
25/07/2016 	36,30 	35,85 	36,64 	-0,13 	-0,36 	2.717.700
22/07/2016 	36,43 	35,95 	36,65 	0,28 	0,77 	3.002.300
21/07/2016 	36,15 	35,80 	36,70 	-0,35 	-0,96 	4.037.000
20/07/2016 	36,50 	36,20 	37,05 	-0,25 	-0,68 	4.109.600
19/07/2016 	36,75 	35,70 	36,85 	0,98 	2,74 	9.863.000
18/07/2016 	35,77 	35,36 	35,99 	-0,07 	-0,20 	4.427.300
15/07/2016 	35,84 	34,88 	35,95 	0,49 	1,39 	4.433.600
14/07/2016 	35,35 	35,04 	35,80 	0,17 	0,48 	3.117.500
13/07/2016 	35,18 	34,71 	35,59 	-0,42 	-1,18 	3.699.300
12/07/2016 	35,60 	35,19 	35,99 	-0,05 	-0,14 	2.772.300
11/07/2016 	35,65 	35,15 	35,83 	0,65 	1,86 	3.789.300
8/07/2016 	35,00 	34,81 	35,59 	0,46 	1,33 	3.873.400
7/07/2016 	34,54 	34,00 	35,09 	0,84 	2,49 	7.225.100
6/07/2016 	33,70 	33,25 	33,85 	-0,23 	-0,68 	2.059.600
5/07/2016 	33,93 	33,27 	34,00 	0,13 	0,38 	2.596.100
4/07/2016 	33,80 	33,62 	34,25 	-0,11 	-0,32 	2.753.600
1/07/2016 	33,91 	33,65 	34,18 	0,05 	0,15 	3.169.200
30/06/2016 	33,86 	33,10 	34,14 	0,01 	0,03 	4.625.400
29/06/2016 	33,85 	33,31 	33,97 	0,75 	2,27 	3.721.600
28/06/2016 	33,10 	32,87 	33,90 	0,02 	0,06 	2.841.800
27/06/2016 	33,08 	32,63 	33,65 	-0,41 	-1,22 	2.079.100
24/06/2016 	33,49 	32,73 	33,49 	-0,24 	-0,71 	4.342.500
23/06/2016 	33,73 	33,28 	34,00 	0,49 	1,47 	2.832.900
22/06/2016 	33,24 	33,14 	34,23 	-1,04 	-3,03 	3.958.500
21/06/2016 	34,28 	33,25 	34,28 	0,97 	2,91 	3.546.300
20/06/2016 	33,31 	33,17 	33,98 	0,15 	0,45 	4.255.000
17/06/2016 	33,16 	32,72 	33,82 	-0,19 	-0,57 	6.697.800
16/06/2016 	33,35 	32,36 	33,63 	0,60 	1,83 	6.397.500
15/06/2016 	32,75 	32,02 	33,18 	0,44 	1,36 	8.449.700
14/06/2016 	32,31 	31,80 	32,47 	-0,06 	-0,19 	6.693.600
13/06/2016 	32,37 	32,03 	32,83 	-0,16 	-0,49 	3.573.300
10/06/2016 	32,53 	32,39 	32,98 	-0,57 	-1,72 	4.385.100
9/06/2016 	33,10 	32,55 	33,54 	-0,48 	-1,43 	4.373.800
8/06/2016 	33,58 	32,77 	33,79 	0,58 	1,76 	5.278.200
7/06/2016 	33,00 	32,40 	33,09 	0,18 	0,55 	2.532.500
6/06/2016 	32,82 	32,56 	33,20 	0,07 	0,21 	3.403.800
3/06/2016 	32,75 	32,31 	32,88 	0,50 	1,55 	3.744.500
2/06/2016 	32,25 	31,50 	32,40 	0,25 	0,78 	4.332.600
1/06/2016 	32,00 	31,13 	32,09 	0,25 	0,79 	5.360.100
31/05/2016 	31,75 	31,14 	31,79 	0,45 	1,44 	6.390.000
30/05/2016 	31,30 	30,84 	31,74 	-0,35 	-1,11 	2.576.900
27/05/2016 	31,65 	31,21 	31,90 	-0,12 	-0,38 	2.867.700
25/05/2016 	31,77 	31,43 	32,19 	0,21 	0,67 	3.207.500
24/05/2016 	31,56 	31,35 	32,37 	0,16 	0,51 	4.621.000
23/05/2016 	31,40 	31,00 	31,76 	-0,09 	-0,29 	3.789.500
20/05/2016 	31,49 	31,49 	32,89 	-0,96 	-2,96 	4.408.600
19/05/2016 	32,45 	31,01 	33,00 	-0,22 	-0,67 	9.371.600
18/05/2016 	32,67 	32,08 	33,36 	-1,02 	-3,03 	8.392.500
17/05/2016 	33,69 	33,62 	35,29 	-1,16 	-3,33 	3.242.700
16/05/2016 	34,85 	34,16 	35,19 	0,23 	0,66 	2.072.500
13/05/2016 	34,62 	34,16 	35,50 	-0,94 	-2,64 	5.120.000
12/05/2016 	35,56 	34,59 	35,75 	0,95 	2,74 	4.354.400
11/05/2016 	34,61 	34,52 	35,11 	0,12 	0,35 	5.131.900
10/05/2016 	34,49 	33,86 	34,49 	0,69 	2,04 	3.494.600
9/05/2016 	33,80 	32,79 	34,59 	-0,37 	-1,08 	5.193.900
6/05/2016 	34,17 	33,94 	34,79 	-0,58 	-1,67 	2.808.300
5/05/2016 	34,75 	34,05 	35,14 	0,03 	0,09 	2.070.400
4/05/2016 	34,72 	34,12 	34,90 	-0,21 	-0,60 	2.935.000
3/05/2016 	34,93 	34,26 	35,38 	1,35 	4,02 	8.263.300
2/05/2016 	33,58 	33,14 	33,89 	0,08 	0,24 	2.413.000
29/04/2016 	33,50 	33,14 	34,20 	-0,55 	-1,62 	4.672.500
28/04/2016 	34,05 	33,51 	34,20 	0,35 	1,04 	4.975.900
27/04/2016 	33,70 	32,63 	34,14 	0,94 	2,87 	8.060.700
26/04/2016 	32,76 	31,69 	32,76 	0,96 	3,02 	4.215.900
25/04/2016 	31,80 	31,72 	32,88 	-1,05 	-3,20 	3.992.400
22/04/2016 	32,85 	32,00 	33,00 	0,43 	1,33 	3.395.400
20/04/2016 	32,42 	32,06 	33,05 	-0,58 	-1,76 	4.005.100
19/04/2016 	33,00 	32,77 	33,37 	0,10 	0,30 	2.525.700
18/04/2016 	32,90 	32,44 	33,22 	-0,05 	-0,15 	3.884.200
15/04/2016 	32,95 	32,86 	33,84 	-0,38 	-1,14 	6.465.000
14/04/2016 	33,33 	32,84 	33,87 	-0,10 	-0,30 	5.580.900
13/04/2016 	33,43 	32,46 	33,68 	1,63 	5,13 	8.090.300
12/04/2016 	31,80 	30,68 	32,48 	0,80 	2,58 	5.189.700
11/04/2016 	31,00 	30,94 	32,89 	-0,75 	-2,36 	4.187.500
8/04/2016 	38,10 	36,75 	38,15 	1,92 	5,31 	6.430.900
7/04/2016 	36,18 	35,86 	36,47 	0,46 	1,29 	2.349.900
6/04/2016 	35,72 	35,61 	36,27 	-0,64 	-1,76 	3.129.100
5/04/2016 	36,36 	35,25 	36,69 	0,48 	1,34 	4.396.300
4/04/2016 	35,88 	35,11 	35,99 	-0,33 	-0,91 	5.835.200
1/04/2016 	36,21 	34,55 	36,21 	1,24 	3,55 	4.896.200
31/03/2016 	34,97 	34,54 	35,53 	-0,90 	-2,51 	7.088.200
30/03/2016 	35,87 	35,07 	36,23 	0,31 	0,87 	5.676.300
29/03/2016 	35,56 	34,52 	35,70 	0,64 	1,83 	5.043.000
28/03/2016 	34,92 	33,60 	35,00 	1,42 	4,24 	5.042.100
24/03/2016 	33,50 	33,24 	34,21 	-0,77 	-2,25 	6.058.500
23/03/2016 	34,27 	33,85 	35,28 	-0,93 	-2,64 	5.144.300
22/03/2016 	35,20 	34,94 	36,06 	0,10 	0,28 	6.247.800
21/03/2016 	35,10 	34,93 	35,47 	-0,17 	-0,48 	3.851.700
18/03/2016 	35,27 	34,21 	35,82 	0,17 	0,48 	4.522.600
17/03/2016 	35,10 	34,00 	35,85 	1,58 	4,71 	8.640.500
16/03/2016 	33,52 	32,35 	33,52 	0,32 	0,96 	4.119.100
15/03/2016 	33,20 	32,24 	33,57 	-0,05 	-0,15 	4.395.500
14/03/2016 	33,25 	32,82 	33,94 	-0,24 	-0,72 	5.611.400
11/03/2016 	33,77 	33,26 	35,30 	-1,90 	-5,33 	11.912.600
10/03/2016 	35,67 	33,84 	36,44 	0,76 	2,18 	6.708.000
9/03/2016 	34,91 	34,57 	35,98 	-0,59 	-1,66 	7.355.400
8/03/2016 	35,50 	34,87 	35,97 	0,50 	1,43 	7.576.400
7/03/2016 	35,00 	34,61 	35,90 	-0,54 	-1,52 	5.862.300
4/03/2016 	35,54 	34,74 	37,28 	0,96 	2,78 	8.894.500
3/03/2016 	34,58 	33,06 	35,11 	1,50 	4,53 	8.678.400
2/03/2016 	33,08 	32,15 	33,25 	0,88 	2,73 	6.286.900
1/03/2016 	32,20 	31,15 	32,56 	1,19 	3,84 	5.696.600
29/02/2016 	31,01 	30,62 	31,38 	0,53 	1,74 	8.985.600
26/02/2016 	30,48 	30,48 	31,09 	-0,27 	-0,88 	3.861.500
25/02/2016 	30,75 	30,40 	31,01 	-0,20 	-0,65 	4.874.000
24/02/2016 	30,95 	30,59 	31,11 	-0,39 	-1,24 	2.895.900
23/02/2016 	31,34 	31,15 	32,10 	-0,71 	-2,22 	3.769.000
22/02/2016 	32,05 	31,65 	32,10 	0,32 	1,01 	5.038.800
19/02/2016 	31,73 	30,21 	31,96 	1,13 	3,69 	5.785.700
18/02/2016 	30,60 	29,56 	30,71 	0,75 	2,51 	4.813.300
17/02/2016 	29,85 	29,45 	30,15 	-0,04 	-0,13 	7.742.700
16/02/2016 	29,89 	29,70 	30,20 	0,14 	0,47 	4.754.900
15/02/2016 	29,75 	29,55 	30,00 	0,50 	1,71 	3.376.200
12/02/2016 	29,25 	28,65 	30,00 	1,15 	4,09 	21.230.800
11/02/2016 	28,10 	28,03 	30,00 	-2,41 	-7,90 	19.274.100
10/02/2016 	30,51 	30,22 	31,04 	-0,56 	-1,80 	4.644.600
5/02/2016 	31,07 	31,07 	33,03 	-1,98 	-5,99 	8.691.600
4/02/2016 	33,05 	32,08 	33,40 	0,82 	2,54 	8.693.600
3/02/2016 	32,23 	31,13 	32,28 	1,03 	3,30 	8.206.100
2/02/2016 	31,20 	30,55 	32,00 	-2,15 	-6,45 	15.827.000
1/02/2016 	33,35 	33,19 	33,97 	-0,52 	-1,54 	6.110.900
29/01/2016 	33,87 	32,73 	34,30 	1,30 	3,99 	10.233.000
28/01/2016 	32,57 	32,20 	32,95 	0,12 	0,37 	2.708.100
27/01/2016 	32,45 	31,54 	32,87 	0,70 	2,20 	3.648.500
26/01/2016 	31,75 	31,50 	32,34 	-0,70 	-2,16 	3.922.500
22/01/2016 	32,45 	32,36 	33,20 	-0,05 	-0,15 	9.023.500
21/01/2016 	32,50 	32,15 	32,94 	0,01 	0,03 	4.005.700
20/01/2016 	32,49 	31,70 	32,49 	-0,01 	-0,03 	6.565.500
19/01/2016 	32,50 	32,40 	33,49 	-0,14 	-0,43 	2.651.200
18/01/2016 	32,64 	32,26 	33,00 	-0,12 	-0,37 	4.167.200
15/01/2016 	32,76 	31,89 	32,87 	0,16 	0,49 	5.569.400
14/01/2016 	32,60 	32,01 	32,81 	-0,24 	-0,73 	4.429.300
13/01/2016 	32,84 	32,53 	34,16 	-0,63 	-1,88 	6.750.600
12/01/2016 	33,47 	33,31 	34,56 	0,12 	0,36 	6.185.600
11/01/2016 	33,35 	33,21 	35,25 	-1,65 	-4,71 	6.897.100
8/01/2016 	35,00 	34,43 	35,28 	0,60 	1,74 	6.870.100
7/01/2016 	34,40 	33,32 	34,60 	0,13 	0,38 	6.383.100
6/01/2016 	34,27 	33,00 	34,60 	0,52 	1,54 	4.655.900
5/01/2016 	33,75 	32,22 	33,75 	1,54 	4,78 	6.154.100
4/01/2016 	32,21 	32,02 	33,24 	-1,38 	-4,11 	6.054.500