29/12/2016 	23,17 	22,78 	23,33 	-0,07 	-0,30 	1.764.100
28/12/2016 	23,24 	22,40 	23,30 	0,64 	2,83 	2.253.600
27/12/2016 	22,60 	21,70 	22,60 	0,80 	3,67 	3.137.600
26/12/2016 	21,80 	21,52 	21,91 	0,29 	1,35 	562.000
23/12/2016 	21,51 	21,35 	22,00 	0,16 	0,75 	1.698.000
22/12/2016 	21,35 	21,11 	21,69 	-0,21 	-0,97 	2.040.800
21/12/2016 	21,56 	21,53 	22,14 	-0,32 	-1,46 	5.078.700
20/12/2016 	21,88 	21,82 	22,82 	-0,68 	-3,01 	3.605.300
19/12/2016 	22,56 	22,45 	22,98 	-0,10 	-0,44 	2.244.300
16/12/2016 	22,66 	22,44 	22,92 	0,21 	0,94 	2.941.000
15/12/2016 	22,52 	22,14 	22,73 	-0,18 	-0,79 	2.880.400
14/12/2016 	22,70 	22,58 	22,94 	-0,10 	-0,44 	3.651.500
13/12/2016 	22,80 	22,01 	22,86 	0,57 	2,56 	4.028.200
9/12/2016 	22,54 	22,00 	22,76 	0,19 	0,85 	3.213.700
8/12/2016 	22,35 	22,07 	22,60 	0,03 	0,13 	2.752.400
7/12/2016 	22,32 	21,74 	22,50 	0,55 	2,53 	3.651.600
6/12/2016 	21,77 	21,18 	22,21 	0,08 	0,37 	4.711.200
5/12/2016 	21,69 	21,33 	22,00 	-0,11 	-0,50 	2.748.200
2/12/2016 	21,80 	21,04 	21,98 	0,12 	0,55 	3.432.400
1/12/2016 	21,68 	21,37 	22,40 	-0,80 	-3,56 	7.799.200
30/11/2016 	22,48 	22,15 	23,20 	0,06 	0,27 	2.595.300
29/11/2016 	22,42 	22,42 	23,46 	-1,01 	-4,31 	2.901.900
28/11/2016 	23,43 	22,42 	23,43 	0,68 	2,99 	2.716.300
25/11/2016 	22,75 	22,37 	22,83 	-0,10 	-0,44 	1.562.200
24/11/2016 	22,85 	22,53 	22,98 	0,40 	1,78 	2.007.000
23/11/2016 	22,45 	22,37 	22,93 	-0,48 	-2,09 	2.837.300
22/11/2016 	22,93 	22,93 	23,62 	0,00 	0,00 	2.271.700
21/11/2016 	22,93 	22,36 	23,07 	0,13 	0,57 	2.555.600
18/11/2016 	22,80 	22,58 	23,17 	-0,04 	-0,18 	2.450.100
17/11/2016 	22,84 	22,76 	23,54 	-0,66 	-2,81 	7.312.900
16/11/2016 	23,50 	22,92 	23,72 	0,27 	1,16 	2.760.300
14/11/2016 	23,23 	22,28 	23,67 	0,45 	1,98 	4.338.800
11/11/2016 	22,78 	22,50 	23,74 	-0,52 	-2,23 	7.176.200
10/11/2016 	23,30 	23,06 	24,50 	-1,20 	-4,90 	5.142.100
9/11/2016 	24,50 	24,02 	24,80 	-0,39 	-1,57 	2.022.400
8/11/2016 	24,89 	24,64 	25,33 	-0,20 	-0,80 	1.968.100
7/11/2016 	25,09 	24,38 	25,39 	0,80 	3,29 	3.055.100
4/11/2016 	24,29 	24,17 	25,27 	-0,73 	-2,92 	7.162.800
3/11/2016 	25,02 	25,02 	26,32 	-1,18 	-4,50 	4.539.400
1/11/2016 	26,20 	26,07 	27,00 	-0,80 	-2,96 	2.341.600
31/10/2016 	27,00 	26,40 	27,07 	0,50 	1,89 	2.856.600
28/10/2016 	26,50 	26,15 	26,73 	0,10 	0,38 	1.507.000
27/10/2016 	26,40 	26,30 	27,04 	-0,35 	-1,31 	3.184.200
26/10/2016 	26,75 	26,34 	27,20 	-0,16 	-0,59 	4.606.800
25/10/2016 	26,91 	26,15 	27,29 	0,01 	0,04 	5.777.400
24/10/2016 	26,90 	26,70 	27,20 	0,00 	0,00 	1.594.700
21/10/2016 	26,90 	26,61 	27,25 	-0,10 	-0,37 	2.175.900
20/10/2016 	27,00 	26,44 	27,25 	0,04 	0,15 	2.143.000
19/10/2016 	26,96 	26,52 	27,15 	-0,05 	-0,19 	2.037.700
18/10/2016 	27,01 	26,39 	27,50 	0,41 	1,54 	5.413.300
17/10/2016 	26,60 	26,24 	26,87 	0,30 	1,14 	3.125.300
14/10/2016 	26,30 	25,80 	26,55 	0,32 	1,23 	4.367.000
13/10/2016 	25,98 	25,20 	25,98 	0,48 	1,88 	8.051.400
11/10/2016 	25,50 	25,30 	25,86 	-0,30 	-1,16 	3.924.600
10/10/2016 	25,80 	25,40 	25,80 	0,20 	0,78 	3.130.200
7/10/2016 	25,60 	24,99 	25,60 	0,60 	2,40 	4.117.400
6/10/2016 	25,00 	24,50 	25,05 	0,06 	0,24 	2.218.300
5/10/2016 	24,94 	24,32 	25,03 	0,68 	2,80 	3.119.200
4/10/2016 	24,26 	23,67 	25,30 	-0,71 	-2,84 	6.870.700
3/10/2016 	24,97 	24,43 	25,20 	0,50 	2,04 	3.763.300
30/09/2016 	24,47 	24,47 	25,16 	-0,22 	-0,89 	3.984.100
29/09/2016 	24,69 	24,69 	25,61 	-0,81 	-3,18 	2.100.100
28/09/2016 	25,50 	24,86 	25,80 	0,21 	0,83 	1.820.600
27/09/2016 	25,29 	24,77 	25,29 	0,43 	1,73 	2.067.700
26/09/2016 	24,92 	24,70 	25,24 	-0,30 	-1,19 	1.021.500
23/09/2016 	25,22 	24,97 	25,70 	0,00 	0,00 	1.847.400
22/09/2016 	25,22 	25,08 	25,44 	0,36 	1,45 	4.514.800
21/09/2016 	24,86 	24,36 	25,08 	-0,26 	-1,04 	4.479.900
20/09/2016 	25,12 	24,68 	25,12 	0,34 	1,37 	1.054.500
19/09/2016 	24,78 	24,62 	25,18 	0,16 	0,65 	1.741.300
16/09/2016 	24,62 	24,03 	24,85 	-0,23 	-0,93 	2.835.300
15/09/2016 	24,85 	24,47 	24,99 	0,16 	0,65 	1.364.500
14/09/2016 	24,69 	24,30 	24,83 	0,08 	0,33 	1.542.900
13/09/2016 	24,61 	24,12 	25,12 	-0,59 	-2,34 	2.093.400
12/09/2016 	25,20 	24,64 	25,20 	0,20 	0,80 	1.800.300
9/09/2016 	25,00 	25,00 	25,61 	-0,90 	-3,47 	2.599.400
8/09/2016 	25,90 	25,66 	26,49 	-0,30 	-1,15 	3.823.600
6/09/2016 	26,20 	25,62 	26,31 	0,46 	1,79 	2.042.800
5/09/2016 	25,74 	25,49 	26,00 	-0,13 	-0,50 	758.200
2/09/2016 	25,87 	25,07 	25,87 	0,73 	2,90 	1.994.400
1/09/2016 	25,14 	25,00 	25,61 	-0,49 	-1,91 	3.694.200
31/08/2016 	25,63 	24,90 	25,73 	0,13 	0,51 	4.146.500
30/08/2016 	25,50 	25,23 	25,82 	-0,19 	-0,74 	6.019.400
29/08/2016 	25,69 	24,87 	25,90 	0,39 	1,54 	1.442.500
26/08/2016 	25,30 	24,67 	25,76 	-0,35 	-1,36 	2.367.700
25/08/2016 	25,65 	24,95 	25,92 	0,80 	3,22 	2.699.400
24/08/2016 	24,85 	24,47 	25,15 	0,30 	1,22 	3.540.600
23/08/2016 	24,55 	24,55 	25,74 	-1,05 	-4,10 	5.478.700
22/08/2016 	25,60 	25,36 	26,13 	-0,06 	-0,23 	2.033.700
19/08/2016 	25,66 	25,48 	26,03 	-0,11 	-0,43 	2.067.100
18/08/2016 	25,77 	25,70 	26,57 	-0,63 	-2,39 	2.697.900
17/08/2016 	26,40 	25,60 	26,88 	-0,38 	-1,42 	6.395.600
16/08/2016 	26,78 	26,61 	27,15 	-0,32 	-1,18 	2.147.800
15/08/2016 	27,10 	26,86 	27,39 	0,09 	0,33 	2.527.300
12/08/2016 	27,01 	26,85 	27,26 	0,01 	0,04 	1.952.600
11/08/2016 	27,00 	26,30 	27,08 	0,33 	1,24 	2.640.700
10/08/2016 	26,67 	26,52 	27,21 	-0,32 	-1,19 	1.221.400
9/08/2016 	26,99 	26,66 	27,14 	0,09 	0,33 	1.565.200
8/08/2016 	26,90 	26,82 	27,22 	-0,14 	-0,52 	769.800
5/08/2016 	27,04 	26,89 	27,42 	-0,16 	-0,59 	1.413.300
4/08/2016 	27,20 	26,78 	27,42 	0,42 	1,57 	2.134.700
3/08/2016 	26,78 	26,50 	27,17 	-0,32 	-1,18 	2.460.900
2/08/2016 	27,10 	26,80 	27,40 	-0,37 	-1,35 	1.662.800
1/08/2016 	27,47 	27,20 	27,70 	0,21 	0,77 	2.222.600
29/07/2016 	27,26 	27,01 	27,65 	0,25 	0,93 	2.835.200
28/07/2016 	27,01 	26,42 	27,01 	0,36 	1,35 	1.577.100
27/07/2016 	26,65 	26,09 	27,28 	0,59 	2,26 	4.291.700
26/07/2016 	26,06 	25,97 	26,89 	0,01 	0,04 	4.149.800
25/07/2016 	26,05 	25,95 	26,99 	-0,95 	-3,52 	3.563.000
22/07/2016 	27,00 	26,36 	27,10 	0,45 	1,69 	1.742.200
21/07/2016 	26,55 	26,23 	26,84 	-0,22 	-0,82 	1.344.800
20/07/2016 	26,77 	26,45 	27,12 	0,27 	1,02 	1.759.200
19/07/2016 	26,50 	26,30 	26,75 	-0,06 	-0,23 	2.270.900
18/07/2016 	26,56 	25,83 	26,72 	0,51 	1,96 	1.893.700
15/07/2016 	26,05 	25,53 	26,12 	0,25 	0,97 	2.605.300
14/07/2016 	25,80 	25,62 	26,26 	-0,20 	-0,77 	6.893.600
13/07/2016 	26,00 	25,71 	26,12 	-0,10 	-0,38 	2.428.100
12/07/2016 	26,10 	25,88 	26,38 	0,10 	0,38 	5.269.800
11/07/2016 	26,00 	25,53 	26,10 	0,50 	1,96 	3.927.900
8/07/2016 	25,50 	24,52 	25,67 	1,05 	4,29 	4.347.400
7/07/2016 	24,45 	24,12 	24,56 	0,22 	0,91 	2.501.200
6/07/2016 	24,23 	23,87 	24,38 	-0,02 	-0,08 	3.124.700
5/07/2016 	24,25 	24,11 	24,70 	-0,23 	-0,94 	4.737.000
4/07/2016 	24,48 	23,96 	24,81 	0,43 	1,79 	1.467.900
1/07/2016 	24,05 	23,44 	24,12 	0,36 	1,52 	3.525.500
30/06/2016 	23,69 	23,20 	23,97 	0,37 	1,59 	3.662.400
29/06/2016 	23,32 	23,07 	23,60 	0,55 	2,42 	2.510.500
28/06/2016 	22,77 	22,62 	23,04 	0,25 	1,11 	2.744.200
27/06/2016 	22,52 	22,47 	23,02 	-0,45 	-1,96 	2.378.100
24/06/2016 	22,97 	22,55 	23,25 	-0,53 	-2,26 	3.486.000
23/06/2016 	23,50 	22,61 	23,63 	0,43 	1,86 	4.222.200
22/06/2016 	23,13 	22,70 	23,75 	-0,62 	-2,61 	5.602.800
21/06/2016 	23,75 	22,88 	23,85 	0,67 	2,90 	3.061.900
20/06/2016 	23,08 	22,55 	23,54 	0,15 	0,65 	4.242.600
17/06/2016 	22,93 	22,44 	23,03 	0,49 	2,18 	3.336.500
16/06/2016 	22,44 	21,66 	22,73 	0,26 	1,17 	1.957.700
15/06/2016 	22,18 	21,56 	22,42 	0,32 	1,46 	3.752.700
14/06/2016 	21,86 	21,47 	22,32 	-0,39 	-1,75 	3.122.600
13/06/2016 	22,25 	21,90 	22,39 	-0,04 	-0,18 	2.456.800
10/06/2016 	22,29 	22,13 	22,60 	-0,32 	-1,42 	1.625.800
9/06/2016 	22,61 	22,35 	22,89 	-0,04 	-0,18 	3.369.000
8/06/2016 	22,65 	22,34 	23,15 	0,15 	0,67 	4.320.300
7/06/2016 	22,50 	21,92 	22,50 	0,30 	1,35 	2.336.800
6/06/2016 	22,20 	21,81 	22,56 	0,15 	0,68 	2.974.200
3/06/2016 	22,05 	21,57 	22,22 	0,15 	0,68 	2.067.100
2/06/2016 	21,90 	21,17 	21,94 	0,65 	3,06 	2.230.900
1/06/2016 	21,25 	20,66 	21,37 	0,35 	1,67 	2.888.100
31/05/2016 	20,90 	20,32 	20,95 	0,40 	1,95 	3.671.200
30/05/2016 	20,50 	20,34 	20,86 	-0,06 	-0,29 	952.800
27/05/2016 	20,56 	20,15 	20,92 	-0,14 	-0,68 	3.406.300
25/05/2016 	20,70 	20,68 	21,49 	-0,70 	-3,27 	3.306.500
24/05/2016 	21,40 	21,23 	21,81 	-0,10 	-0,47 	1.501.600
23/05/2016 	21,50 	20,98 	21,55 	-0,05 	-0,23 	2.016.200
20/05/2016 	21,55 	20,96 	21,79 	0,32 	1,51 	2.677.300
19/05/2016 	21,23 	20,93 	21,67 	-0,34 	-1,58 	4.331.800
18/05/2016 	21,57 	21,32 	21,96 	-0,28 	-1,28 	3.288.900
17/05/2016 	21,85 	21,55 	22,39 	-0,40 	-1,80 	2.549.200
16/05/2016 	22,25 	21,64 	22,36 	-0,02 	-0,09 	2.725.600
13/05/2016 	22,27 	21,75 	22,40 	0,07 	0,32 	3.740.000
12/05/2016 	22,20 	21,36 	22,38 	0,90 	4,23 	4.840.100
11/05/2016 	21,30 	20,88 	21,81 	0,04 	0,19 	3.431.100
10/05/2016 	21,26 	20,60 	21,54 	0,75 	3,66 	5.572.300
9/05/2016 	20,51 	19,82 	20,72 	-0,04 	-0,19 	2.623.300
6/05/2016 	20,55 	20,19 	20,85 	-0,24 	-1,15 	2.665.000
5/05/2016 	20,79 	20,79 	21,25 	-0,44 	-2,07 	1.617.100
4/05/2016 	21,23 	20,58 	21,29 	0,23 	1,10 	4.583.900
3/05/2016 	21,00 	20,72 	21,29 	-0,07 	-0,33 	3.845.200
2/05/2016 	21,07 	20,28 	21,20 	0,30 	1,44 	1.846.000
29/04/2016 	20,77 	20,54 	21,00 	-0,02 	-0,10 	2.747.700
28/04/2016 	20,79 	20,19 	21,22 	0,25 	1,22 	4.988.100
27/04/2016 	20,54 	19,80 	20,92 	0,75 	3,79 	3.888.800
26/04/2016 	19,79 	18,80 	19,90 	0,34 	1,75 	6.666.300
25/04/2016 	19,45 	19,23 	19,85 	-0,24 	-1,22 	4.272.100
22/04/2016 	19,69 	19,66 	20,88 	-0,97 	-4,70 	6.627.100
20/04/2016 	20,85 	20,60 	21,33 	-0,51 	-2,39 	2.305.500
19/04/2016 	21,36 	20,91 	21,72 	-0,04 	-0,19 	6.497.600
18/04/2016 	21,40 	21,15 	21,90 	-0,35 	-1,61 	3.094.600
15/04/2016 	21,75 	21,42 	22,23 	0,08 	0,37 	3.800.800
14/04/2016 	21,67 	21,56 	22,54 	-0,09 	-0,41 	3.749.000
13/04/2016 	21,76 	21,40 	22,30 	0,84 	4,02 	3.819.400
12/04/2016 	20,92 	20,18 	21,12 	0,50 	2,45 	3.300.900
11/04/2016 	20,42 	20,40 	21,58 	-0,78 	-3,68 	2.767.600
8/04/2016 	21,20 	20,66 	21,48 	0,81 	3,97 	4.433.700
7/04/2016 	20,39 	19,99 	20,68 	0,57 	2,88 	3.632.400
6/04/2016 	19,82 	19,76 	20,38 	-0,65 	-3,18 	5.459.100
5/04/2016 	20,47 	20,08 	20,90 	-0,12 	-0,58 	2.819.700
4/04/2016 	20,59 	20,38 	21,15 	-0,61 	-2,88 	1.779.900
1/04/2016 	21,20 	20,46 	21,65 	0,41 	1,97 	2.838.400
31/03/2016 	20,79 	20,72 	21,96 	-1,10 	-5,03 	4.541.000
30/03/2016 	21,89 	21,41 	22,19 	0,38 	1,77 	4.338.100
29/03/2016 	21,51 	21,43 	22,19 	-0,33 	-1,51 	3.296.300
28/03/2016 	21,84 	21,68 	22,04 	0,34 	1,58 	2.069.000
24/03/2016 	21,50 	20,86 	22,01 	-0,24 	-1,10 	1.693.800
23/03/2016 	21,74 	21,44 	22,31 	-0,54 	-2,42 	3.455.600
22/03/2016 	22,28 	21,53 	22,54 	0,40 	1,83 	2.519.700
21/03/2016 	21,88 	21,45 	22,22 	0,29 	1,34 	3.190.300
18/03/2016 	21,59 	21,54 	22,78 	-0,40 	-1,82 	5.759.000
17/03/2016 	21,99 	21,66 	22,19 	1,13 	5,42 	8.438.200
16/03/2016 	20,86 	20,25 	21,20 	0,25 	1,21 	7.239.400
15/03/2016 	20,67 	19,95 	20,84 	-0,21 	-1,01 	2.703.500
14/03/2016 	20,88 	20,59 	21,50 	0,13 	0,63 	3.321.100
11/03/2016 	20,75 	20,33 	21,40 	-0,52 	-2,44 	4.231.600
10/03/2016 	21,27 	20,60 	21,49 	0,28 	1,33 	4.198.200
9/03/2016 	20,99 	20,50 	21,63 	0,19 	0,91 	3.988.200
8/03/2016 	20,80 	20,58 	21,18 	0,03 	0,14 	7.080.400
7/03/2016 	20,77 	19,82 	20,86 	0,38 	1,86 	6.901.300
4/03/2016 	20,39 	19,67 	20,75 	0,90 	4,62 	7.327.400
3/03/2016 	19,49 	19,38 	20,14 	0,37 	1,94 	8.067.300
2/03/2016 	19,12 	18,40 	19,61 	0,60 	3,24 	5.432.500
1/03/2016 	18,52 	18,04 	18,72 	0,52 	2,89 	5.605.100
29/02/2016 	18,00 	17,49 	18,34 	0,64 	3,69 	5.336.300
26/02/2016 	17,36 	17,21 	18,30 	-0,39 	-2,20 	1.548.300
25/02/2016 	17,75 	17,24 	17,83 	0,33 	1,89 	2.245.700
24/02/2016 	17,42 	16,91 	17,42 	-0,08 	-0,46 	2.132.400
23/02/2016 	17,50 	17,27 	18,32 	-0,50 	-2,78 	2.344.300
22/02/2016 	18,00 	17,81 	18,40 	0,50 	2,86 	2.739.700
19/02/2016 	17,50 	17,01 	17,94 	0,09 	0,52 	1.921.500
18/02/2016 	17,41 	16,91 	17,68 	0,18 	1,04 	2.312.000
17/02/2016 	17,23 	16,78 	17,74 	0,53 	3,17 	4.905.600
16/02/2016 	16,70 	16,37 	17,09 	0,35 	2,14 	2.723.300
15/02/2016 	16,35 	16,18 	16,60 	0,15 	0,93 	1.852.100
12/02/2016 	16,20 	15,95 	16,43 	0,18 	1,12 	2.642.600
11/02/2016 	16,02 	15,85 	16,36 	-0,23 	-1,42 	4.495.600
10/02/2016 	16,25 	16,12 	16,86 	-0,55 	-3,27 	2.587.300
5/02/2016 	16,80 	16,71 	17,35 	-1,00 	-5,62 	11.611.800
4/02/2016 	17,80 	17,80 	18,62 	-0,29 	-1,60 	3.365.000
3/02/2016 	18,09 	17,18 	18,74 	0,52 	2,96 	3.598.600
2/02/2016 	17,57 	17,11 	18,18 	-0,49 	-2,71 	4.444.700
1/02/2016 	18,06 	17,34 	18,35 	0,32 	1,80 	2.618.300
29/01/2016 	17,74 	17,04 	17,92 	0,79 	4,66 	4.185.600
28/01/2016 	16,95 	16,56 	17,24 	0,00 	0,00 	1.966.600
27/01/2016 	16,95 	16,22 	17,09 	0,68 	4,18 	3.126.600
26/01/2016 	16,27 	16,21 	16,69 	-0,43 	-2,57 	2.378.700
22/01/2016 	16,70 	16,55 	16,90 	0,15 	0,91 	2.508.300
21/01/2016 	16,55 	16,01 	16,55 	0,15 	0,91 	3.109.500
20/01/2016 	16,40 	15,95 	16,44 	-0,04 	-0,24 	3.241.400
19/01/2016 	16,44 	16,20 	16,54 	0,38 	2,37 	3.929.700
18/01/2016 	16,06 	16,04 	16,54 	-0,53 	-3,19 	5.002.000
15/01/2016 	16,59 	16,05 	16,64 	-0,14 	-0,84 	3.701.100
14/01/2016 	16,73 	16,30 	16,94 	-0,11 	-0,65 	2.867.200
13/01/2016 	16,84 	16,68 	17,28 	0,06 	0,36 	2.530.500
12/01/2016 	16,78 	16,48 	17,04 	0,38 	2,32 	2.329.500
11/01/2016 	16,40 	16,35 	17,06 	-0,48 	-2,84 	4.145.600
8/01/2016 	16,88 	16,56 	17,20 	-0,04 	-0,24 	2.339.300
7/01/2016 	16,92 	16,61 	17,15 	-0,28 	-1,63 	4.808.500
6/01/2016 	17,20 	17,00 	17,74 	-0,10 	-0,58 	3.419.000
5/01/2016 	17,30 	16,35 	17,49 	1,15 	7,12 	7.187.800
4/01/2016 	16,15 	16,15 	17,07 	-0,95 	-5,56 	7.405.300