30/12/2015 	24,30 	23,36 	24,30 	0,70 	2,97 	765.400
29/12/2015 	23,60 	23,29 	23,92 	-0,13 	-0,55 	316.200
28/12/2015 	23,73 	23,54 	24,67 	-0,77 	-3,14 	545.600
23/12/2015 	24,50 	23,98 	24,68 	0,50 	2,08 	404.600
22/12/2015 	24,00 	23,85 	24,40 	-0,16 	-0,66 	382.700
21/12/2015 	24,16 	24,06 	24,68 	-0,72 	-2,89 	615.900
18/12/2015 	24,88 	24,45 	25,66 	-1,31 	-5,00 	854.300
17/12/2015 	26,19 	25,85 	26,54 	0,49 	1,91 	722.800
16/12/2015 	25,70 	24,32 	25,70 	0,95 	3,84 	878.500
15/12/2015 	24,75 	24,20 	25,12 	0,36 	1,48 	785.700
14/12/2015 	24,39 	24,23 	25,66 	-1,40 	-5,43 	1.057.800
11/12/2015 	25,79 	25,54 	26,71 	-0,55 	-2,09 	675.900
10/12/2015 	26,34 	25,92 	27,27 	-0,57 	-2,12 	496.000
9/12/2015 	26,91 	26,40 	27,54 	0,69 	2,63 	544.800
8/12/2015 	26,22 	26,03 	26,98 	-0,48 	-1,80 	444.700
7/12/2015 	26,70 	26,68 	27,84 	-0,30 	-1,11 	535.700
4/12/2015 	27,00 	26,51 	27,32 	-0,40 	-1,46 	533.700
3/12/2015 	27,40 	27,26 	28,54 	0,09 	0,33 	490.000
2/12/2015 	27,31 	26,86 	28,19 	-0,68 	-2,43 	770.800
1/12/2015 	27,99 	27,68 	28,84 	-0,71 	-2,47 	877.300
30/11/2015 	28,70 	28,57 	29,30 	-0,50 	-1,71 	1.219.800
27/11/2015 	29,20 	29,14 	30,49 	-1,18 	-3,88 	459.100
26/11/2015 	30,38 	30,11 	30,63 	0,08 	0,26 	277.800
25/11/2015 	30,30 	29,81 	30,58 	0,01 	0,03 	707.400
24/11/2015 	30,29 	29,68 	30,52 	-0,46 	-1,50 	583.100
23/11/2015 	30,75 	30,01 	31,27 	0,35 	1,15 	715.300
19/11/2015 	30,40 	30,11 	31,05 	0,00 	0,00 	402.900
18/11/2015 	30,40 	30,05 	30,96 	0,14 	0,46 	641.600
17/11/2015 	30,26 	29,97 	30,93 	-0,10 	-0,33 	651.800
16/11/2015 	30,36 	30,20 	31,13 	0,01 	0,03 	628.700
13/11/2015 	30,35 	30,20 	30,86 	-0,06 	-0,20 	628.900
12/11/2015 	30,41 	30,13 	32,82 	-2,88 	-8,65 	1.549.500
11/11/2015 	33,29 	32,37 	33,55 	0,93 	2,87 	857.400
10/11/2015 	32,36 	31,44 	32,61 	0,01 	0,03 	538.600
9/11/2015 	32,35 	32,15 	33,22 	-0,85 	-2,56 	513.100
6/11/2015 	33,20 	32,53 	34,86 	-1,50 	-4,32 	561.100
5/11/2015 	34,70 	33,56 	34,70 	0,72 	2,12 	746.600
4/11/2015 	33,98 	33,58 	34,71 	0,38 	1,13 	1.152.100
3/11/2015 	33,60 	31,86 	33,86 	1,10 	3,38 	899.900
30/10/2015 	32,50 	31,03 	32,50 	1,32 	4,23 	951.900
29/10/2015 	31,18 	31,09 	31,82 	-0,35 	-1,11 	605.200
28/10/2015 	31,53 	31,44 	32,46 	-0,67 	-2,08 	566.700
27/10/2015 	32,20 	31,35 	32,29 	0,45 	1,42 	596.800
26/10/2015 	31,75 	31,44 	34,01 	-1,99 	-5,90 	1.342.700
23/10/2015 	33,74 	33,68 	34,81 	-0,21 	-0,62 	605.400
22/10/2015 	33,95 	33,37 	34,80 	0,55 	1,65 	664.000
21/10/2015 	33,40 	32,85 	33,83 	0,10 	0,30 	344.800
20/10/2015 	33,30 	32,91 	34,15 	-0,24 	-0,72 	814.100
19/10/2015 	33,54 	32,20 	33,56 	0,84 	2,57 	531.200
16/10/2015 	32,70 	31,93 	32,80 	0,20 	0,62 	688.900
15/10/2015 	32,50 	31,55 	32,50 	0,61 	1,91 	949.700
14/10/2015 	31,89 	31,83 	33,08 	-0,39 	-1,21 	1.482.600
13/10/2015 	32,28 	31,73 	32,55 	0,58 	1,83 	993.200
9/10/2015 	31,70 	31,23 	32,07 	0,37 	1,18 	1.501.500
8/10/2015 	31,33 	31,23 	31,82 	-0,37 	-1,17 	863.100
7/10/2015 	31,70 	31,29 	32,52 	-0,38 	-1,18 	930.200
6/10/2015 	32,08 	31,57 	33,27 	-0,77 	-2,34 	801.600
5/10/2015 	32,85 	32,47 	33,05 	0,43 	1,33 	408.900
2/10/2015 	32,42 	31,43 	32,50 	0,65 	2,05 	771.100
1/10/2015 	31,77 	31,28 	32,98 	-0,87 	-2,67 	1.325.300
30/09/2015 	32,64 	31,91 	33,15 	0,83 	2,61 	1.396.300
29/09/2015 	31,81 	31,24 	32,05 	0,31 	0,98 	675.800
28/09/2015 	31,50 	30,90 	31,57 	-0,05 	-0,16 	493.600
25/09/2015 	31,55 	31,29 	32,36 	-0,27 	-0,85 	346.400
24/09/2015 	31,82 	30,03 	32,30 	0,02 	0,06 	1.035.100
23/09/2015 	31,80 	31,46 	32,24 	-0,29 	-0,90 	635.900
22/09/2015 	32,09 	31,60 	32,38 	-0,65 	-1,99 	842.200
21/09/2015 	32,74 	32,58 	33,70 	-0,37 	-1,12 	854.300
18/09/2015 	33,11 	32,99 	33,94 	-1,29 	-3,75 	1.040.500
17/09/2015 	34,40 	33,80 	34,78 	-0,10 	-0,29 	999.000
16/09/2015 	34,50 	33,57 	34,50 	0,85 	2,53 	873.600
15/09/2015 	33,65 	32,67 	34,25 	-0,04 	-0,12 	521.500
14/09/2015 	33,69 	31,91 	33,69 	1,48 	4,59 	660.900
11/09/2015 	32,21 	31,61 	32,57 	0,23 	0,72 	440.500
10/09/2015 	31,98 	29,52 	31,98 	1,48 	4,85 	810.100
9/09/2015 	30,50 	30,05 	30,93 	0,21 	0,69 	1.157.700
8/09/2015 	30,29 	29,59 	30,50 	0,54 	1,82 	499.000
4/09/2015 	29,75 	29,36 	30,27 	-0,60 	-1,98 	1.042.200
3/09/2015 	30,35 	29,23 	30,51 	0,60 	2,02 	649.400
2/09/2015 	29,75 	28,45 	29,75 	0,45 	1,54 	981.800
1/09/2015 	29,30 	29,08 	30,27 	-1,70 	-5,48 	1.231.600
31/08/2015 	31,00 	29,70 	31,00 	-0,20 	-0,64 	876.000
28/08/2015 	31,20 	30,40 	31,64 	-0,37 	-1,17 	747.600
27/08/2015 	31,57 	30,72 	31,91 	0,64 	2,07 	475.600
26/08/2015 	30,93 	29,71 	30,93 	0,77 	2,55 	607.100
25/08/2015 	30,16 	29,53 	30,51 	0,56 	1,89 	679.400
24/08/2015 	29,60 	28,58 	30,34 	-1,27 	-4,11 	656.400
21/08/2015 	30,87 	30,76 	31,56 	-0,84 	-2,65 	555.100
20/08/2015 	31,71 	30,92 	31,93 	0,11 	0,35 	427.500
19/08/2015 	31,60 	30,90 	32,32 	-1,08 	-3,30 	502.800
18/08/2015 	32,68 	31,28 	32,68 	1,05 	3,32 	370.500
17/08/2015 	31,63 	31,60 	32,31 	-0,38 	-1,19 	432.300
14/08/2015 	32,01 	31,10 	32,43 	-0,09 	-0,28 	601.700
13/08/2015 	32,10 	31,62 	32,19 	-0,05 	-0,16 	402.400
12/08/2015 	32,15 	31,77 	32,74 	-0,05 	-0,16 	647.300
11/08/2015 	32,20 	31,61 	32,40 	-0,15 	-0,46 	433.700
10/08/2015 	32,35 	32,26 	33,22 	-0,65 	-1,97 	555.900
7/08/2015 	33,00 	32,64 	33,69 	-0,56 	-1,67 	480.300
6/08/2015 	33,56 	32,91 	33,77 	-0,19 	-0,56 	810.600
5/08/2015 	33,75 	33,75 	35,25 	-1,10 	-3,16 	509.300
4/08/2015 	34,85 	34,79 	35,79 	-0,15 	-0,43 	348.400
3/08/2015 	35,00 	34,91 	36,11 	-0,28 	-0,79 	577.500
31/07/2015 	35,28 	33,79 	35,47 	1,03 	3,01 	881.100
30/07/2015 	34,25 	33,48 	34,44 	0,75 	2,24 	655.700
29/07/2015 	33,50 	33,10 	33,80 	-0,32 	-0,95 	793.000
28/07/2015 	33,82 	33,02 	34,06 	0,32 	0,96 	880.600
27/07/2015 	33,50 	32,92 	33,81 	-0,03 	-0,09 	472.200
24/07/2015 	33,53 	32,75 	34,12 	-0,75 	-2,19 	582.000
23/07/2015 	34,28 	33,64 	34,98 	-0,99 	-2,81 	786.900
22/07/2015 	35,27 	34,06 	35,27 	0,67 	1,94 	726.000
21/07/2015 	34,60 	34,37 	35,48 	-0,78 	-2,20 	331.600
20/07/2015 	35,38 	34,94 	35,55 	-0,14 	-0,39 	364.400
17/07/2015 	35,52 	35,13 	36,08 	-0,38 	-1,06 	487.000
16/07/2015 	35,90 	35,57 	36,47 	-0,07 	-0,19 	395.900
15/07/2015 	35,97 	35,84 	36,26 	-0,16 	-0,44 	353.800
14/07/2015 	36,13 	35,29 	36,19 	0,55 	1,55 	466.600
13/07/2015 	35,58 	35,12 	35,69 	0,23 	0,65 	480.100
10/07/2015 	35,35 	34,06 	35,40 	0,85 	2,46 	897.500
8/07/2015 	34,50 	33,95 	35,08 	0,15 	0,44 	677.500
7/07/2015 	34,35 	33,50 	34,48 	0,26 	0,76 	496.800
6/07/2015 	34,09 	34,03 	35,07 	-1,28 	-3,62 	549.900
3/07/2015 	35,37 	34,28 	35,47 	0,51 	1,46 	443.700
2/07/2015 	34,86 	34,29 	35,27 	0,26 	0,75 	583.700
1/07/2015 	34,60 	34,06 	34,95 	-0,35 	-1,00 	1.165.600
30/06/2015 	34,95 	33,63 	34,95 	0,85 	2,49 	880.500
29/06/2015 	34,10 	33,78 	34,90 	-0,90 	-2,57 	753.500
26/06/2015 	35,00 	33,23 	35,05 	1,44 	4,29 	1.203.300
25/06/2015 	33,56 	33,29 	34,08 	-0,57 	-1,67 	723.600
24/06/2015 	34,13 	33,51 	34,72 	0,09 	0,26 	635.200
23/06/2015 	34,04 	33,85 	34,62 	0,04 	0,12 	631.800
22/06/2015 	34,00 	33,71 	34,21 	0,53 	1,58 	458.000
19/06/2015 	33,47 	33,32 	34,28 	-0,88 	-2,56 	772.700
18/06/2015 	34,35 	33,52 	34,50 	0,45 	1,33 	658.400
17/06/2015 	33,90 	33,58 	34,04 	0,35 	1,04 	769.800
16/06/2015 	33,55 	32,74 	34,09 	0,65 	1,98 	1.274.400
15/06/2015 	32,90 	0,00 	0,00 	-0,17 	-0,51 	948.500
12/06/2015 	33,07 	32,41 	33,20 	-0,32 	-0,96 	817.400
11/06/2015 	33,39 	33,14 	33,76 	-0,10 	-0,30 	461.700
10/06/2015 	33,49 	33,03 	33,57 	0,33 	1,00 	419.000
9/06/2015 	33,16 	32,51 	33,89 	0,68 	2,09 	1.344.100
8/06/2015 	32,48 	32,44 	33,18 	-0,46 	-1,40 	448.800
5/06/2015 	32,94 	32,64 	34,25 	-0,83 	-2,46 	646.100
3/06/2015 	33,77 	32,96 	34,20 	0,52 	1,56 	736.100
2/06/2015 	33,25 	33,03 	33,79 	-0,35 	-1,04 	655.700
1/06/2015 	33,60 	32,55 	33,67 	0,83 	2,53 	471.500
29/05/2015 	32,77 	32,77 	33,84 	-1,03 	-3,05 	713.500
28/05/2015 	33,80 	33,63 	34,10 	-0,34 	-1,00 	422.300
27/05/2015 	34,14 	33,17 	34,14 	0,25 	0,74 	634.400
26/05/2015 	33,89 	33,43 	34,60 	-0,71 	-2,05 	510.300
25/05/2015 	34,60 	33,33 	34,79 	0,97 	2,88 	217.000
22/05/2015 	33,63 	33,30 	34,13 	-0,07 	-0,21 	565.700
21/05/2015 	33,70 	33,47 	34,23 	-0,63 	-1,84 	457.100
20/05/2015 	34,33 	34,21 	35,29 	-0,77 	-2,19 	439.900
19/05/2015 	35,10 	34,31 	35,20 	0,73 	2,12 	466.900
18/05/2015 	34,37 	34,20 	35,22 	-0,40 	-1,15 	817.600
15/05/2015 	34,77 	34,00 	35,39 	1,27 	3,79 	1.001.200
14/05/2015 	33,50 	32,86 	34,13 	-0,52 	-1,53 	801.700
13/05/2015 	34,02 	33,74 	34,93 	-0,59 	-1,70 	469.600
12/05/2015 	34,61 	34,49 	35,38 	-0,37 	-1,06 	663.900
11/05/2015 	34,98 	34,56 	35,47 	0,34 	0,98 	419.300
8/05/2015 	34,64 	34,60 	35,05 	0,09 	0,26 	432.900
7/05/2015 	34,55 	34,44 	35,05 	-0,60 	-1,71 	298.300
6/05/2015 	35,15 	34,43 	35,44 	-0,10 	-0,28 	439.500
5/05/2015 	35,25 	34,17 	35,42 	0,52 	1,50 	405.300
4/05/2015 	34,73 	33,71 	35,00 	0,82 	2,42 	680.900
30/04/2015 	33,91 	32,51 	34,04 	-0,18 	-0,53 	836.600
29/04/2015 	34,09 	33,41 	34,56 	-0,61 	-1,76 	652.500
28/04/2015 	34,70 	33,79 	34,70 	0,67 	1,97 	395.800
27/04/2015 	34,03 	33,58 	34,68 	-0,31 	-0,90 	441.200
24/04/2015 	34,34 	34,27 	34,99 	-0,11 	-0,32 	437.400
23/04/2015 	35,38 	34,95 	35,45 	0,40 	1,14 	635.800
22/04/2015 	34,98 	34,76 	35,50 	0,04 	0,11 	689.800
20/04/2015 	34,94 	34,74 	35,32 	-0,21 	-0,60 	264.200
17/04/2015 	35,15 	35,05 	35,80 	-0,37 	-1,04 	378.400
16/04/2015 	35,52 	35,08 	36,00 	-0,31 	-0,87 	508.600
15/04/2015 	35,83 	35,23 	36,45 	0,41 	1,16 	505.200
14/04/2015 	35,42 	35,34 	36,44 	-0,98 	-2,69 	656.500
13/04/2015 	36,40 	35,35 	36,73 	0,70 	1,96 	559.500
10/04/2015 	35,70 	34,13 	35,70 	1,50 	4,39 	409.600
9/04/2015 	34,20 	33,95 	34,92 	-0,54 	-1,55 	520.600
8/04/2015 	34,74 	34,38 	35,87 	-0,61 	-1,73 	378.300
7/04/2015 	35,35 	35,00 	36,98 	-1,40 	-3,81 	467.800
6/04/2015 	36,75 	36,01 	37,09 	0,85 	2,37 	389.500
2/04/2015 	35,90 	35,60 	36,51 	0,80 	2,28 	948.600
1/04/2015 	35,10 	33,64 	35,65 	1,45 	4,31 	747.400
31/03/2015 	33,65 	33,24 	33,92 	-0,32 	-0,94 	603.000
30/03/2015 	33,97 	33,09 	34,36 	0,69 	2,07 	274.600
27/03/2015 	33,28 	32,31 	33,73 	0,59 	1,80 	472.500
26/03/2015 	32,69 	32,54 	33,80 	-1,06 	-3,14 	544.500
25/03/2015 	33,75 	33,75 	35,10 	-0,31 	-0,91 	666.700
24/03/2015 	34,06 	33,89 	35,14 	-0,59 	-1,70 	485.500
23/03/2015 	34,65 	34,09 	35,12 	-0,12 	-0,35 	486.000
20/03/2015 	34,77 	33,46 	35,25 	1,27 	3,79 	641.200
19/03/2015 	33,50 	33,11 	33,93 	-0,47 	-1,38 	347.700
18/03/2015 	33,97 	32,53 	33,97 	0,73 	2,20 	688.100
17/03/2015 	33,24 	32,11 	33,51 	0,70 	2,15 	721.500
16/03/2015 	32,54 	32,05 	32,82 	0,39 	1,21 	455.900
13/03/2015 	32,15 	31,78 	32,46 	-1,13 	-3,40 	814.500
12/03/2015 	33,28 	32,05 	33,31 	1,42 	4,46 	524.400
11/03/2015 	31,86 	31,56 	32,59 	-0,32 	-0,99 	434.800
10/03/2015 	32,18 	31,06 	32,59 	0,53 	1,67 	471.800
9/03/2015 	31,65 	31,53 	32,62 	-1,24 	-3,77 	605.000
6/03/2015 	32,89 	31,82 	32,89 	0,73 	2,27 	288.500
5/03/2015 	32,16 	32,16 	33,05 	-0,46 	-1,41 	403.600
4/03/2015 	32,62 	32,32 	33,52 	-1,08 	-3,20 	432.700
3/03/2015 	33,70 	33,64 	34,70 	-0,45 	-1,32 	447.200
2/03/2015 	34,15 	33,65 	34,49 	-0,35 	-1,01 	512.200
27/02/2015 	34,50 	33,44 	34,50 	0,70 	2,07 	1.006.700
26/02/2015 	33,80 	32,45 	33,82 	0,94 	2,86 	479.400
25/02/2015 	32,86 	31,77 	32,86 	0,68 	2,11 	368.000
24/02/2015 	32,18 	31,74 	32,31 	-0,09 	-0,28 	479.100
23/02/2015 	32,27 	31,30 	32,27 	0,54 	1,70 	472.600
20/02/2015 	31,73 	31,52 	32,70 	-0,97 	-2,97 	438.200
19/02/2015 	32,70 	32,35 	33,47 	-0,29 	-0,88 	693.300
18/02/2015 	32,99 	31,81 	33,55 	-0,31 	-0,93 	1.069.400
13/02/2015 	33,30 	32,06 	33,60 	0,84 	2,59 	511.400
12/02/2015 	32,46 	31,35 	32,46 	1,31 	4,21 	593.800
11/02/2015 	31,15 	30,63 	31,15 	0,40 	1,30 	541.100
10/02/2015 	30,75 	30,75 	31,76 	-1,12 	-3,51 	535.600
9/02/2015 	31,87 	30,79 	32,25 	0,47 	1,50 	295.600
6/02/2015 	31,40 	30,86 	31,59 	0,00 	0,00 	490.000
5/02/2015 	31,40 	31,04 	32,31 	-0,80 	-2,48 	534.000
4/02/2015 	32,20 	31,83 	33,58 	-0,92 	-2,78 	569.000
3/02/2015 	33,12 	32,49 	33,77 	0,12 	0,36 	675.300
2/02/2015 	33,00 	30,83 	33,32 	1,80 	5,77 	467.400
30/01/2015 	31,20 	30,72 	32,30 	-1,80 	-5,45 	862.700
29/01/2015 	33,00 	31,44 	33,33 	0,96 	3,00 	520.900
28/01/2015 	32,04 	31,38 	32,47 	0,06 	0,19 	346.600
27/01/2015 	31,98 	30,59 	32,51 	0,41 	1,30 	398.800
26/01/2015 	31,57 	30,68 	31,58 	-0,09 	-0,28 	467.600
23/01/2015 	31,66 	31,34 	32,72 	-0,34 	-1,06 	278.500
22/01/2015 	32,00 	31,99 	33,60 	-0,01 	-0,03 	668.000
21/01/2015 	32,01 	31,20 	32,34 	0,51 	1,62 	530.700
20/01/2015 	31,50 	31,11 	32,90 	-0,65 	-2,02 	706.100
19/01/2015 	32,15 	31,89 	34,20 	-2,05 	-5,99 	432.300
16/01/2015 	34,20 	32,86 	34,81 	1,24 	3,76 	480.600
15/01/2015 	32,96 	32,88 	34,50 	0,34 	1,04 	953.700
14/01/2015 	32,62 	31,75 	32,80 	0,56 	1,75 	254.200
13/01/2015 	32,06 	31,51 	32,45 	0,28 	0,88 	417.200
12/01/2015 	31,78 	31,38 	32,90 	-1,03 	-3,14 	418.000
9/01/2015 	32,81 	32,40 	34,32 	-1,66 	-4,82 	489.800
8/01/2015 	34,47 	34,21 	35,27 	-0,25 	-0,72 	316.600
7/01/2015 	34,72 	33,04 	34,98 	1,92 	5,85 	573.300
6/01/2015 	32,80 	32,27 	33,55 	-0,20 	-0,61 	475.200
5/01/2015 	33,00 	32,60 	33,82 	-1,03 	-3,03 	660.100
2/01/2015 	34,03 	33,34 	35,60 	-1,87 	-5,21 	480.700
30/12/2014 	35,90 	35,62 	36,69 	-0,35 	-0,97 	483.100
29/12/2014 	36,25 	35,77 	36,50 	-0,01 	-0,03 	328.200
26/12/2014 	36,26 	35,43 	36,78 	0,78 	2,20 	184.400
23/12/2014 	35,48 	34,33 	35,73 	0,68 	1,95 	262.500
22/12/2014 	34,80 	33,66 	34,89 	1,02 	3,02 	482.600
19/12/2014 	33,78 	32,56 	34,32 	0,38 	1,14 	385.100
18/12/2014 	33,40 	33,29 	35,34 	-1,00 	-2,91 	588.600
17/12/2014 	34,40 	32,98 	34,55 	0,66 	1,96 	1.294.900
16/12/2014 	33,74 	32,96 	34,27 	-0,37 	-1,08 	848.100
15/12/2014 	34,11 	33,81 	35,80 	-0,01 	-0,03 	730.300
12/12/2014 	34,12 	32,71 	35,13 	1,12 	3,39 	730.800
11/12/2014 	33,00 	32,96 	33,63 	-0,30 	-0,90 	434.400
10/12/2014 	33,30 	32,53 	33,71 	0,47 	1,43 	297.200
9/12/2014 	32,83 	32,30 	32,97 	-0,16 	-0,48 	291.900
8/12/2014 	32,99 	32,65 	34,28 	-0,51 	-1,52 	205.000
5/12/2014 	33,50 	33,26 	34,15 	-0,60 	-1,76 	449.800
4/12/2014 	34,10 	33,47 	35,04 	-0,70 	-2,01 	426.400
3/12/2014 	34,80 	33,89 	35,07 	0,32 	0,93 	153.100
2/12/2014 	34,48 	33,67 	34,70 	0,45 	1,32 	456.500
1/12/2014 	34,03 	33,47 	35,55 	-1,27 	-3,60 	461.000
28/11/2014 	35,30 	35,30 	36,79 	-0,80 	-2,22 	281.800
27/11/2014 	36,10 	35,34 	36,79 	0,92 	2,62 	258.800
26/11/2014 	35,18 	34,97 	35,61 	0,43 	1,24 	260.700
25/11/2014 	34,75 	34,75 	36,90 	-1,10 	-3,07 	813.700
24/11/2014 	35,85 	35,54 	36,56 	0,03 	0,08 	597.400
21/11/2014 	35,82 	33,49 	36,29 	2,42 	7,25 	737.500
19/11/2014 	33,40 	32,45 	34,00 	1,04 	3,21 	441.100
18/11/2014 	32,36 	31,51 	32,36 	0,91 	2,89 	452.200
17/11/2014 	31,45 	31,35 	32,34 	-0,35 	-1,10 	236.400
14/11/2014 	31,80 	30,82 	32,74 	0,14 	0,44 	582.400
13/11/2014 	31,66 	31,66 	32,51 	-0,81 	-2,49 	412.800
12/11/2014 	32,47 	32,11 	33,29 	-0,13 	-0,40 	359.800
11/11/2014 	32,60 	32,13 	33,00 	-0,34 	-1,03 	478.800
10/11/2014 	32,94 	32,75 	33,39 	-0,11 	-0,33 	690.600
7/11/2014 	33,05 	31,34 	33,05 	0,95 	2,96 	420.600
6/11/2014 	33,55 	33,55 	34,47 	-0,69 	-2,02 	476.500
5/11/2014 	34,24 	34,15 	35,08 	-1,07 	-3,03 	422.600
4/11/2014 	35,31 	34,67 	35,65 	-0,25 	-0,70 	491.800
3/11/2014 	35,56 	34,16 	35,56 	0,95 	2,74 	377.000
31/10/2014 	34,61 	33,29 	35,01 	0,95 	2,82 	756.200
30/10/2014 	33,66 	32,28 	33,66 	1,46 	4,53 	580.400
29/10/2014 	32,20 	31,52 	32,71 	0,28 	0,88 	756.500
28/10/2014 	31,92 	30,24 	31,92 	1,62 	5,35 	759.300
27/10/2014 	30,30 	28,79 	31,16 	-1,55 	-4,87 	746.400
24/10/2014 	31,85 	30,58 	32,64 	0,85 	2,74 	806.200
23/10/2014 	31,00 	31,00 	32,38 	-1,45 	-4,47 	881.700
22/10/2014 	32,45 	31,78 	33,74 	0,45 	1,41 	700.700
21/10/2014 	32,00 	31,78 	33,84 	-2,15 	-6,30 	1.164.100
20/10/2014 	34,15 	33,80 	34,77 	-0,69 	-1,98 	642.600
17/10/2014 	34,84 	33,98 	35,03 	0,81 	2,38 	756.800
16/10/2014 	34,03 	33,68 	34,62 	-0,97 	-2,77 	732.500
15/10/2014 	35,00 	33,72 	35,54 	-0,68 	-1,91 	817.700
14/10/2014 	35,68 	35,34 	36,79 	-0,92 	-2,51 	775.100
13/10/2014 	36,60 	36,50 	37,48 	0,66 	1,84 	579.500
10/10/2014 	35,94 	35,91 	36,99 	-0,66 	-1,80 	681.600
9/10/2014 	36,60 	0,00 	0,00 	-1,37 	-3,61 	925.400
8/10/2014 	37,97 	37,41 	38,53 	-0,03 	-0,08 	668.200
7/10/2014 	38,00 	37,67 	38,91 	0,68 	1,82 	454.500
6/10/2014 	37,32 	36,60 	39,79 	2,12 	6,02 	1.508.800
3/10/2014 	35,20 	33,47 	35,20 	1,35 	3,99 	454.800
2/10/2014 	33,85 	33,32 	34,14 	0,10 	0,30 	629.800
1/10/2014 	33,75 	33,17 	34,96 	0,41 	1,23 	1.033.500
30/09/2014 	33,34 	33,04 	33,68 	-0,07 	-0,21 	685.300
29/09/2014 	33,41 	33,10 	33,99 	-1,09 	-3,16 	504.500
26/09/2014 	34,50 	33,82 	34,62 	0,55 	1,62 	347.400
25/09/2014 	33,95 	33,23 	34,26 	0,44 	1,31 	1.778.200
24/09/2014 	33,51 	32,70 	33,54 	0,35 	1,06 	795.300
23/09/2014 	33,16 	32,97 	34,40 	-0,40 	-1,19 	362.400
22/09/2014 	33,56 	33,06 	34,46 	-1,06 	-3,06 	698.900
19/09/2014 	34,62 	34,62 	35,28 	-0,27 	-0,77 	543.200
18/09/2014 	34,89 	34,89 	35,61 	-0,88 	-2,46 	499.800
17/09/2014 	35,77 	35,64 	36,30 	-0,36 	-1,00 	685.300
16/09/2014 	36,13 	35,21 	36,50 	0,53 	1,49 	1.026.100
15/09/2014 	35,60 	35,08 	36,42 	-0,56 	-1,55 	930.200
12/09/2014 	36,16 	35,82 	36,52 	-0,74 	-2,01 	451.000
11/09/2014 	36,90 	36,45 	37,64 	-0,33 	-0,89 	661.900
10/09/2014 	37,23 	36,77 	37,63 	-0,17 	-0,45 	837.900
9/09/2014 	37,40 	37,38 	39,03 	-1,75 	-4,47 	829.000
8/09/2014 	39,15 	39,15 	40,74 	-1,03 	-2,56 	416.400
5/09/2014 	40,18 	40,18 	40,79 	-0,22 	-0,54 	393.700
4/09/2014 	40,40 	39,54 	40,89 	0,41 	1,03 	596.800
3/09/2014 	39,99 	39,62 	40,85 	-0,26 	-0,65 	517.700
2/09/2014 	40,25 	39,31 	40,47 	0,35 	0,88 	347.500
1/09/2014 	39,90 	39,73 	40,89 	0,24 	0,61 	249.100
29/08/2014 	39,66 	39,20 	39,99 	0,46 	1,17 	579.200
28/08/2014 	39,20 	39,20 	40,35 	-0,35 	-0,88 	1.046.700
27/08/2014 	39,55 	38,00 	39,75 	1,70 	4,49 	351.900
26/08/2014 	37,85 	37,85 	38,89 	-0,89 	-2,30 	623.100
25/08/2014 	38,74 	38,68 	39,63 	-0,49 	-1,25 	1.002.700
22/08/2014 	39,23 	38,47 	39,34 	0,24 	0,62 	347.400
21/08/2014 	38,99 	38,01 	39,00 	0,94 	2,47 	572.000
20/08/2014 	38,05 	36,19 	38,12 	1,73 	4,76 	1.113.200
19/08/2014 	36,32 	35,66 	36,40 	0,41 	1,14 	1.654.600
18/08/2014 	35,91 	35,86 	36,55 	-0,39 	-1,07 	642.900
15/08/2014 	36,30 	35,75 	36,39 	0,30 	0,83 	972.500
14/08/2014 	36,00 	35,83 	36,68 	-0,10 	-0,28 	744.200
13/08/2014 	36,10 	35,72 	37,31 	-0,79 	-2,14 	1.266.000
12/08/2014 	36,89 	36,79 	37,39 	-0,51 	-1,36 	348.700
11/08/2014 	37,40 	37,23 	37,56 	0,03 	0,08 	1.142.400
8/08/2014 	37,37 	36,96 	37,54 	-0,08 	-0,21 	438.900
7/08/2014 	37,45 	37,08 	37,56 	0,33 	0,89 	411.500
6/08/2014 	37,12 	36,17 	37,30 	0,62 	1,70 	333.600
5/08/2014 	36,50 	36,21 	37,15 	-0,86 	-2,30 	370.500
4/08/2014 	37,36 	36,06 	37,36 	0,76 	2,08 	542.700
1/08/2014 	36,60 	34,53 	36,60 	1,40 	3,98 	582.700
30/07/2014 	36,44 	36,44 	38,07 	-0,88 	-2,36 	306.500
29/07/2014 	37,32 	37,25 	38,45 	-1,08 	-2,81 	247.800
28/07/2014 	38,40 	37,72 	38,64 	0,67 	1,78 	425.800
25/07/2014 	37,73 	37,51 	38,19 	-0,39 	-1,02 	247.900
24/07/2014 	38,12 	37,54 	38,29 	0,12 	0,32 	663.200
23/07/2014 	38,00 	37,53 	38,91 	-0,59 	-1,53 	639.500
22/07/2014 	38,59 	38,00 	38,66 	0,64 	1,69 	726.700
21/07/2014 	37,95 	37,17 	38,21 	0,44 	1,17 	523.500
18/07/2014 	37,51 	36,70 	37,51 	1,41 	3,91 	422.900
17/07/2014 	36,10 	35,53 	36,14 	0,25 	0,70 	623.900
16/07/2014 	35,85 	35,10 	36,45 	-0,15 	-0,42 	840.800
15/07/2014 	36,00 	35,85 	36,60 	0,05 	0,14 	980.000
14/07/2014 	35,95 	34,81 	36,15 	1,14 	3,27 	820.000
11/07/2014 	34,81 	33,75 	34,89 	0,81 	2,38 	710.000
10/07/2014 	34,00 	33,26 	34,00 	0,81 	2,44 	1.477.500
8/07/2014 	33,19 	33,05 	33,46 	0,06 	0,18 	206.600
7/07/2014 	33,13 	33,01 	33,68 	-0,62 	-1,84 	814.700
4/07/2014 	33,75 	32,73 	33,99 	1,08 	3,31 	195.800
3/07/2014 	32,67 	32,08 	32,68 	0,27 	0,83 	325.600
2/07/2014 	32,40 	32,03 	33,09 	-0,51 	-1,55 	428.500
1/07/2014 	32,91 	32,84 	34,52 	-0,97 	-2,86 	355.500
30/06/2014 	33,88 	33,22 	34,00 	0,28 	0,83 	587.300
27/06/2014 	33,60 	33,24 	34,08 	0,00 	0,00 	223.000
26/06/2014 	33,60 	32,53 	33,73 	0,60 	1,82 	492.500
25/06/2014 	33,00 	32,13 	33,33 	0,20 	0,61 	346.600
24/06/2014 	32,80 	31,81 	34,07 	-0,08 	-0,24 	1.064.900
23/06/2014 	32,88 	32,86 	33,59 	-0,88 	-2,61 	652.600
20/06/2014 	33,76 	33,75 	35,09 	-1,09 	-3,13 	710.900
18/06/2014 	34,85 	33,59 	35,04 	1,30 	3,87 	884.800
17/06/2014 	33,55 	33,43 	34,10 	-0,15 	-0,45 	267.100
16/06/2014 	33,70 	33,12 	33,84 	0,25 	0,75 	681.000
13/06/2014 	33,45 	33,45 	34,15 	-0,40 	-1,18 	727.900
11/06/2014 	33,85 	33,75 	34,48 	-0,15 	-0,44 	668.700
10/06/2014 	34,00 	33,85 	34,55 	0,10 	0,29 	784.300
9/06/2014 	33,90 	33,38 	34,07 	0,57 	1,71 	825.200
6/06/2014 	33,33 	33,08 	35,50 	-0,02 	-0,06 	869.100
5/06/2014 	33,35 	33,07 	33,89 	-0,15 	-0,45 	265.800
4/06/2014 	33,50 	33,19 	33,67 	0,04 	0,12 	326.800
3/06/2014 	33,46 	32,30 	33,46 	0,96 	2,95 	378.400
2/06/2014 	32,50 	32,22 	32,89 	0,27 	0,84 	196.500
30/05/2014 	32,23 	32,23 	33,05 	-0,87 	-2,63 	660.200
29/05/2014 	33,10 	32,33 	33,65 	0,07 	0,21 	714.100
28/05/2014 	33,03 	32,53 	33,43 	0,33 	1,01 	492.900
27/05/2014 	32,70 	32,43 	34,35 	-1,63 	-4,75 	1.032.200
26/05/2014 	34,33 	34,02 	34,78 	0,51 	1,51 	275.000
23/05/2014 	33,82 	33,48 	34,14 	0,06 	0,18 	241.100
22/05/2014 	33,76 	33,00 	34,10 	0,54 	1,63 	393.100
21/05/2014 	33,22 	32,90 	33,94 	-0,35 	-1,04 	675.500
20/05/2014 	33,57 	33,37 	34,80 	-1,03 	-2,98 	595.200
19/05/2014 	34,60 	34,46 	35,57 	-0,39 	-1,11 	493.700
16/05/2014 	34,99 	34,62 	35,30 	0,71 	2,07 	433.600
15/05/2014 	34,28 	33,42 	35,84 	-0,70 	-2,00 	779.800
14/05/2014 	34,98 	34,37 	36,08 	0,45 	1,30 	751.400
13/05/2014 	34,53 	34,25 	35,40 	-0,10 	-0,29 	381.600
12/05/2014 	34,63 	33,23 	34,84 	1,39 	4,18 	461.700
9/05/2014 	33,24 	33,00 	35,37 	-0,36 	-1,07 	638.900
8/05/2014 	33,60 	33,35 	34,11 	-0,50 	-1,47 	607.600
7/05/2014 	34,10 	33,90 	34,87 	-0,58 	-1,67 	944.900
6/05/2014 	34,68 	33,22 	34,68 	1,15 	3,43 	959.800
5/05/2014 	33,53 	33,35 	34,19 	-0,11 	-0,33 	577.100
2/05/2014 	33,64 	31,52 	33,64 	1,69 	5,29 	558.100
30/04/2014 	31,95 	31,32 	32,05 	0,34 	1,08 	503.800
29/04/2014 	31,61 	31,57 	32,77 	0,03 	0,09 	300.600
28/04/2014 	31,58 	31,10 	31,80 	0,28 	0,89 	271.300
25/04/2014 	31,30 	30,70 	31,74 	-0,34 	-1,07 	433.700
24/04/2014 	32,55 	32,15 	32,71 	0,05 	0,15 	380.800
23/04/2014 	32,50 	32,44 	33,35 	-0,87 	-2,61 	444.300
22/04/2014 	33,37 	32,48 	33,37 	0,95 	2,93 	683.700
17/04/2014 	32,42 	31,36 	32,67 	1,06 	3,38 	651.800
16/04/2014 	31,36 	30,69 	31,69 	0,54 	1,75 	447.400
15/04/2014 	30,82 	30,71 	31,60 	-0,71 	-2,25 	662.200
14/04/2014 	31,53 	30,62 	31,73 	0,80 	2,60 	460.700
11/04/2014 	30,73 	29,74 	31,00 	0,87 	2,91 	527.300
10/04/2014 	29,86 	29,26 	30,10 	0,56 	1,91 	281.100
9/04/2014 	29,30 	28,82 	30,13 	-0,81 	-2,69 	392.000
8/04/2014 	30,11 	29,82 	31,00 	0,01 	0,03 	523.000
7/04/2014 	30,10 	30,03 	30,98 	-0,21 	-0,69 	424.100
4/04/2014 	30,31 	30,04 	30,95 	0,31 	1,03 	639.600
3/04/2014 	30,00 	29,60 	30,90 	-0,55 	-1,80 	552.000
2/04/2014 	30,55 	29,58 	31,12 	0,90 	3,04 	720.300
1/04/2014 	29,65 	29,41 	30,02 	-0,16 	-0,54 	486.500
31/03/2014 	29,81 	29,54 	29,81 	0,41 	1,39 	447.900
28/03/2014 	29,40 	29,04 	29,66 	0,30 	1,03 	538.000
27/03/2014 	29,10 	28,40 	29,30 	0,68 	2,39 	691.500
26/03/2014 	28,42 	28,35 	29,15 	0,02 	0,07 	672.400
25/03/2014 	28,40 	27,69 	28,54 	0,97 	3,54 	490.400
24/03/2014 	27,43 	27,06 	27,84 	-0,06 	-0,22 	512.600
21/03/2014 	27,49 	26,56 	28,25 	0,45 	1,66 	745.700
20/03/2014 	27,04 	26,18 	27,30 	0,54 	2,04 	540.900
19/03/2014 	26,50 	25,73 	26,57 	0,60 	2,32 	493.600
18/03/2014 	25,90 	24,68 	26,49 	0,92 	3,68 	852.300
17/03/2014 	24,98 	24,60 	25,33 	-0,17 	-0,68 	368.200
14/03/2014 	25,15 	25,08 	26,59 	-0,95 	-3,64 	769.500
13/03/2014 	26,10 	25,63 	26,10 	0,60 	2,35 	917.500
12/03/2014 	25,50 	25,01 	25,52 	0,26 	1,03 	416.900
11/03/2014 	25,24 	24,76 	25,45 	0,49 	1,98 	573.100
10/03/2014 	24,75 	24,24 	25,00 	-0,14 	-0,56 	823.000
7/03/2014 	24,89 	24,85 	26,30 	-1,11 	-4,27 	1.050.800
6/03/2014 	26,00 	24,91 	26,10 	1,09 	4,38 	729.600
5/03/2014 	24,91 	24,90 	25,74 	-0,34 	-1,35 	321.500
28/02/2014 	25,25 	24,90 	25,69 	-0,36 	-1,41 	1.515.700
27/02/2014 	25,61 	24,04 	25,61 	1,10 	4,49 	1.161.000
26/02/2014 	24,51 	23,95 	24,69 	0,57 	2,38 	1.692.000
25/02/2014 	23,94 	23,93 	24,61 	-0,48 	-1,97 	897.800
24/02/2014 	24,42 	24,42 	24,86 	-0,28 	-1,13 	833.900
21/02/2014 	24,70 	24,55 	25,10 	0,00 	0,00 	507.600
20/02/2014 	24,70 	23,94 	24,85 	0,64 	2,66 	1.198.700
19/02/2014 	24,06 	23,56 	24,35 	0,42 	1,78 	1.070.300
18/02/2014 	23,64 	23,38 	25,16 	-1,33 	-5,33 	1.180.300
17/02/2014 	24,97 	24,93 	26,00 	-1,00 	-3,85 	315.000
14/02/2014 	25,97 	25,86 	26,66 	0,01 	0,04 	798.100
13/02/2014 	25,96 	25,60 	26,27 	-0,09 	-0,35 	437.500
12/02/2014 	26,05 	25,84 	26,44 	0,09 	0,35 	562.500
11/02/2014 	25,96 	25,74 	26,30 	0,23 	0,89 	773.500
10/02/2014 	25,73 	25,73 	26,59 	-0,62 	-2,35 	693.400
7/02/2014 	26,35 	26,35 	27,00 	-0,56 	-2,08 	1.054.100
6/02/2014 	26,91 	26,54 	27,33 	0,47 	1,78 	811.400
5/02/2014 	26,44 	26,09 	26,73 	-0,41 	-1,53 	864.000
4/02/2014 	26,85 	26,64 	27,58 	-0,43 	-1,58 	659.500
3/02/2014 	27,28 	27,28 	28,40 	-0,55 	-1,98 	700.500
31/01/2014 	27,83 	27,49 	27,88 	0,13 	0,47 	746.600
30/01/2014 	27,70 	27,59 	28,53 	-0,64 	-2,26 	896.300
29/01/2014 	28,34 	28,34 	29,42 	-0,76 	-2,61 	470.200
28/01/2014 	29,10 	28,78 	29,79 	0,18 	0,62 	472.600
27/01/2014 	28,92 	28,88 	29,94 	-0,33 	-1,13 	468.200
24/01/2014 	29,25 	29,18 	30,29 	-0,77 	-2,56 	418.600
23/01/2014 	30,02 	30,02 	30,98 	-0,59 	-1,93 	533.800
22/01/2014 	30,61 	30,03 	30,69 	0,81 	2,72 	359.000
21/01/2014 	29,80 	29,78 	30,28 	-0,01 	-0,03 	296.500
20/01/2014 	29,81 	29,81 	30,35 	-0,49 	-1,62 	219.900
17/01/2014 	30,30 	30,15 	30,94 	-0,28 	-0,92 	306.800
16/01/2014 	30,58 	30,54 	31,18 	-0,25 	-0,81 	311.000
15/01/2014 	30,83 	30,81 	31,18 	-0,22 	-0,71 	473.300
14/01/2014 	31,05 	30,37 	31,20 	0,71 	2,34 	490.700
13/01/2014 	30,34 	30,19 	30,92 	0,15 	0,50 	429.100
10/01/2014 	30,19 	29,12 	30,33 	1,08 	3,71 	548.400
9/01/2014 	29,11 	29,08 	30,07 	-0,74 	-2,48 	397.900
8/01/2014 	29,85 	29,65 	30,12 	-0,05 	-0,17 	394.400
7/01/2014 	29,90 	29,65 	30,70 	-0,22 	-0,73 	459.800
6/01/2014 	30,12 	29,95 	31,15 	-0,67 	-2,18 	477.200
3/01/2014 	30,79 	29,93 	30,79 	0,81 	2,70 	679.900
2/01/2014 	29,98 	29,77 	30,95 	-0,55 	-1,80 	367.100
