30/12/2015 	13,03 	12,63 	13,14 	0,31 	2,44 	5.226.600
29/12/2015 	12,72 	12,30 	12,81 	0,08 	0,63 	2.890.100
28/12/2015 	12,64 	12,56 	13,17 	-0,58 	-4,39 	3.095.800
23/12/2015 	13,22 	12,92 	13,57 	0,67 	5,34 	7.174.800
22/12/2015 	12,55 	12,24 	12,63 	0,26 	2,12 	5.677.800
21/12/2015 	12,29 	12,29 	13,36 	-0,60 	-4,65 	6.942.100
18/12/2015 	12,89 	12,32 	12,96 	0,15 	1,18 	10.929.300
17/12/2015 	12,74 	12,74 	13,60 	-0,51 	-3,85 	5.762.700
16/12/2015 	13,25 	12,71 	13,47 	0,37 	2,87 	4.431.700
15/12/2015 	12,88 	12,60 	13,12 	0,42 	3,37 	6.827.500
14/12/2015 	12,46 	12,18 	12,55 	0,25 	2,05 	5.684.100
11/12/2015 	12,21 	11,91 	12,42 	-0,46 	-3,63 	8.380.400
10/12/2015 	12,67 	12,05 	12,68 	0,59 	4,88 	9.892.200
9/12/2015 	12,08 	11,79 	12,42 	0,43 	3,69 	7.280.600
8/12/2015 	11,65 	11,25 	11,94 	-0,56 	-4,59 	7.855.300
7/12/2015 	12,21 	12,06 	12,45 	-0,14 	-1,13 	3.111.800
4/12/2015 	12,35 	12,16 	12,90 	-0,52 	-4,04 	6.353.600
3/12/2015 	12,87 	12,74 	13,20 	-0,07 	-0,54 	7.183.100
2/12/2015 	12,94 	12,25 	13,03 	0,10 	0,78 	9.799.100
1/12/2015 	12,84 	12,59 	13,32 	-0,33 	-2,51 	6.827.200
30/11/2015 	13,17 	12,60 	13,39 	-0,13 	-0,98 	13.580.600
27/11/2015 	13,30 	13,30 	14,08 	-0,89 	-6,27 	5.924.500
26/11/2015 	14,19 	14,09 	14,27 	0,13 	0,92 	3.803.600
25/11/2015 	14,06 	14,06 	14,51 	-0,41 	-2,83 	5.037.600
24/11/2015 	14,47 	13,88 	14,64 	0,22 	1,54 	4.588.700
23/11/2015 	14,25 	14,06 	14,48 	-0,39 	-2,66 	5.727.500
19/11/2015 	14,64 	14,50 	15,00 	0,05 	0,34 	3.996.400
18/11/2015 	14,59 	14,35 	14,94 	0,07 	0,48 	5.947.400
17/11/2015 	14,52 	14,49 	15,10 	-0,53 	-3,52 	4.559.600
16/11/2015 	15,05 	14,99 	15,53 	-0,32 	-2,08 	4.938.100
13/11/2015 	15,37 	15,00 	15,39 	0,32 	2,13 	3.774.500
12/11/2015 	15,05 	15,00 	15,32 	-0,27 	-1,76 	5.638.200
11/11/2015 	15,32 	15,06 	15,84 	-0,06 	-0,39 	3.974.700
10/11/2015 	15,38 	15,13 	15,43 	-0,06 	-0,39 	4.443.100
9/11/2015 	15,44 	15,36 	15,84 	-0,23 	-1,47 	2.976.200
6/11/2015 	15,67 	15,59 	16,36 	-1,28 	-7,55 	10.019.900
5/11/2015 	16,95 	16,64 	17,41 	-0,45 	-2,59 	5.530.800
4/11/2015 	17,40 	17,07 	18,35 	-0,35 	-1,97 	7.170.700
3/11/2015 	17,75 	16,84 	17,75 	0,69 	4,04 	7.944.000
30/10/2015 	17,06 	16,30 	17,06 	0,92 	5,70 	6.120.900
29/10/2015 	16,14 	16,14 	16,50 	-0,43 	-2,60 	5.875.100
28/10/2015 	16,57 	16,40 	16,92 	-0,46 	-2,70 	9.459.400
27/10/2015 	17,03 	16,95 	17,91 	-0,83 	-4,65 	7.463.500
26/10/2015 	17,86 	17,83 	18,65 	-0,74 	-3,98 	5.032.900
23/10/2015 	18,60 	18,35 	19,33 	0,09 	0,49 	8.337.200
22/10/2015 	18,51 	18,17 	19,00 	0,42 	2,32 	7.223.800
21/10/2015 	18,09 	17,59 	18,28 	0,48 	2,73 	3.689.500
20/10/2015 	17,61 	17,35 	17,97 	-0,19 	-1,07 	4.101.800
19/10/2015 	17,80 	17,71 	18,55 	-0,62 	-3,37 	6.627.700
16/10/2015 	18,42 	18,20 	18,86 	-0,17 	-0,91 	5.286.500
15/10/2015 	18,97 	18,43 	19,05 	0,27 	1,44 	5.299.000
14/10/2015 	18,70 	18,60 	19,17 	0,12 	0,65 	13.340.900
13/10/2015 	18,58 	18,55 	20,00 	-2,21 	-10,63 	8.791.900
9/10/2015 	20,79 	20,20 	20,83 	0,73 	3,64 	12.004.700
8/10/2015 	20,06 	19,68 	20,18 	-0,09 	-0,45 	5.874.000
7/10/2015 	20,15 	19,30 	20,30 	1,84 	10,05 	9.643.300
6/10/2015 	18,31 	18,00 	18,55 	0,17 	0,94 	4.547.000
5/10/2015 	18,14 	18,00 	18,39 	0,32 	1,80 	3.560.500
2/10/2015 	17,82 	16,87 	17,93 	0,60 	3,48 	7.094.500
1/10/2015 	17,22 	16,71 	17,51 	0,64 	3,86 	6.025.400
30/09/2015 	16,58 	16,33 	17,05 	0,10 	0,61 	6.656.900
29/09/2015 	16,48 	16,43 	17,18 	-0,11 	-0,66 	7.689.400
28/09/2015 	16,59 	16,57 	17,70 	-1,34 	-7,47 	7.550.200
25/09/2015 	17,93 	17,82 	18,92 	-0,52 	-2,82 	4.415.000
24/09/2015 	18,45 	18,35 	18,99 	-0,45 	-2,38 	6.058.300
23/09/2015 	18,90 	18,90 	19,65 	-0,56 	-2,88 	5.322.700
22/09/2015 	19,46 	18,84 	19,71 	-0,47 	-2,36 	8.150.400
21/09/2015 	19,93 	19,63 	20,28 	0,02 	0,10 	5.204.800
18/09/2015 	19,91 	19,39 	20,41 	0,42 	2,15 	11.201.100
17/09/2015 	19,49 	18,88 	20,28 	0,45 	2,36 	7.176.700
16/09/2015 	19,04 	18,63 	19,27 	0,44 	2,37 	6.510.800
15/09/2015 	18,60 	18,52 	19,26 	-0,55 	-2,87 	6.052.400
14/09/2015 	19,15 	18,80 	19,59 	-0,30 	-1,54 	5.681.700
11/09/2015 	19,45 	19,17 	20,56 	-0,49 	-2,46 	8.178.400
10/09/2015 	19,94 	18,66 	20,06 	0,88 	4,62 	9.651.200
9/09/2015 	19,06 	18,94 	19,94 	0,13 	0,69 	7.710.800
8/09/2015 	18,93 	18,63 	19,20 	0,69 	3,78 	6.503.700
4/09/2015 	18,24 	18,05 	18,60 	-0,49 	-2,62 	11.929.000
3/09/2015 	18,73 	18,10 	19,37 	0,62 	3,42 	8.803.200
2/09/2015 	18,11 	17,26 	18,20 	1,01 	5,91 	10.593.100
1/09/2015 	17,10 	17,10 	17,96 	-0,82 	-4,58 	6.385.200
31/08/2015 	17,92 	16,96 	18,09 	0,61 	3,52 	7.681.600
28/08/2015 	17,31 	17,21 	18,39 	-0,38 	-2,15 	6.207.000
27/08/2015 	17,69 	16,18 	17,69 	1,79 	11,26 	8.352.000
26/08/2015 	15,90 	15,28 	15,95 	0,55 	3,58 	6.596.300
25/08/2015 	15,35 	15,35 	16,28 	-0,05 	-0,32 	5.986.200
24/08/2015 	15,40 	14,77 	16,40 	-1,30 	-7,78 	10.704.500
21/08/2015 	16,70 	16,70 	17,16 	-0,47 	-2,74 	4.976.500
20/08/2015 	17,17 	16,73 	17,34 	0,33 	1,96 	6.094.900
19/08/2015 	16,84 	16,68 	17,49 	-0,58 	-3,33 	5.190.900
18/08/2015 	17,42 	17,42 	18,05 	-0,59 	-3,28 	4.392.600
17/08/2015 	18,01 	17,97 	18,33 	-0,19 	-1,04 	4.277.100
14/08/2015 	18,20 	18,20 	18,75 	-0,28 	-1,52 	6.519.600
13/08/2015 	18,48 	18,44 	19,50 	-0,44 	-2,33 	5.992.300
12/08/2015 	18,92 	18,15 	19,13 	0,32 	1,72 	12.435.800
11/08/2015 	18,60 	18,11 	19,04 	-0,75 	-3,88 	11.477.700
10/08/2015 	19,35 	18,33 	19,56 	0,93 	5,05 	11.625.200
7/08/2015 	18,42 	18,42 	19,49 	-1,16 	-5,92 	6.610.600
6/08/2015 	19,58 	18,67 	19,79 	0,57 	3,00 	10.316.100
5/08/2015 	19,01 	18,65 	19,28 	0,91 	5,03 	7.720.000
4/08/2015 	18,10 	17,92 	18,31 	0,51 	2,90 	3.889.900
3/08/2015 	17,59 	17,30 	17,94 	-0,28 	-1,57 	4.242.200
31/07/2015 	17,87 	17,13 	18,04 	0,42 	2,41 	8.483.000
30/07/2015 	17,45 	17,39 	19,81 	-0,90 	-4,90 	9.972.100
29/07/2015 	18,35 	18,20 	18,70 	0,26 	1,44 	7.373.300
28/07/2015 	18,09 	17,06 	18,20 	1,33 	7,94 	10.641.100
27/07/2015 	16,76 	16,41 	17,55 	-0,03 	-0,18 	6.222.000
24/07/2015 	16,79 	16,54 	17,55 	-0,53 	-3,06 	5.613.100
23/07/2015 	17,32 	17,28 	17,93 	0,03 	0,17 	5.866.900
22/07/2015 	17,29 	16,84 	17,46 	-0,26 	-1,48 	7.793.300
21/07/2015 	17,55 	17,20 	18,03 	0,24 	1,39 	5.797.200
20/07/2015 	17,31 	17,30 	17,92 	-0,14 	-0,80 	3.472.900
17/07/2015 	17,45 	17,28 	17,74 	-0,19 	-1,08 	2.919.400
16/07/2015 	17,64 	17,28 	17,69 	0,53 	3,10 	2.865.700
15/07/2015 	17,11 	17,11 	18,19 	-0,71 	-3,98 	6.433.400
14/07/2015 	17,82 	17,66 	18,21 	-0,68 	-3,68 	5.262.000
13/07/2015 	18,50 	16,94 	18,52 	1,39 	8,12 	11.100.400
10/07/2015 	17,11 	17,11 	18,05 	-0,05 	-0,29 	4.806.000
8/07/2015 	17,16 	17,03 	17,82 	-0,77 	-4,29 	8.284.000
7/07/2015 	17,93 	16,64 	18,05 	0,28 	1,59 	7.940.000
6/07/2015 	17,65 	17,24 	17,68 	-0,03 	-0,17 	4.653.300
3/07/2015 	17,68 	17,56 	18,08 	-0,39 	-2,16 	1.942.500
2/07/2015 	18,07 	17,75 	18,36 	-0,04 	-0,22 	4.250.400
1/07/2015 	18,11 	17,97 	18,61 	-0,18 	-0,98 	2.429.200
30/06/2015 	18,29 	18,16 	19,20 	-0,91 	-4,74 	5.346.300
29/06/2015 	19,20 	19,01 	19,49 	-0,42 	-2,14 	2.879.400
26/06/2015 	19,62 	19,06 	19,63 	0,30 	1,55 	2.998.200
25/06/2015 	19,32 	19,13 	19,88 	-0,48 	-2,42 	5.093.500
24/06/2015 	19,80 	19,71 	20,18 	-0,01 	-0,05 	2.860.700
23/06/2015 	19,81 	19,81 	20,17 	0,12 	0,61 	2.855.000
22/06/2015 	19,69 	19,69 	20,53 	-0,63 	-3,10 	5.100.900
19/06/2015 	20,32 	19,85 	20,35 	-0,08 	-0,39 	3.145.800
18/06/2015 	20,40 	19,49 	20,40 	0,93 	4,78 	5.545.400
17/06/2015 	19,47 	19,30 	19,83 	-0,28 	-1,42 	5.319.800
16/06/2015 	19,75 	19,69 	20,18 	-0,59 	-2,90 	6.297.400
15/06/2015 	20,34 	0,00 	0,00 	-0,82 	-3,88 	4.372.800
12/06/2015 	21,16 	20,94 	21,31 	-0,17 	-0,80 	3.608.400
11/06/2015 	21,33 	21,07 	21,72 	0,12 	0,57 	6.184.700
10/06/2015 	21,21 	20,39 	21,35 	1,23 	6,16 	5.188.100
9/06/2015 	19,98 	19,90 	20,62 	-0,12 	-0,60 	6.289.800
8/06/2015 	20,10 	20,09 	20,65 	-0,50 	-2,43 	4.656.400
5/06/2015 	20,60 	20,32 	20,99 	-0,29 	-1,39 	6.059.100
3/06/2015 	20,89 	20,75 	21,54 	-0,46 	-2,15 	4.771.500
2/06/2015 	21,35 	20,10 	21,40 	1,31 	6,54 	5.825.900
1/06/2015 	20,04 	19,79 	20,39 	-0,01 	-0,05 	6.737.200
29/05/2015 	20,05 	20,05 	20,69 	-0,49 	-2,39 	8.593.400
28/05/2015 	20,54 	20,28 	20,75 	-0,41 	-1,96 	3.827.200
27/05/2015 	20,95 	20,26 	21,01 	0,16 	0,77 	4.463.000
26/05/2015 	20,79 	20,50 	21,18 	0,22 	1,07 	6.763.200
25/05/2015 	20,57 	20,11 	20,86 	0,31 	1,53 	1.512.600
22/05/2015 	20,26 	20,16 	20,69 	0,01 	0,05 	5.961.500
21/05/2015 	20,25 	19,78 	20,50 	0,40 	2,02 	3.313.600
20/05/2015 	19,85 	19,80 	20,48 	-0,27 	-1,34 	6.560.600
19/05/2015 	20,12 	19,83 	20,23 	-0,12 	-0,59 	11.725.800
18/05/2015 	20,24 	20,24 	21,50 	-1,04 	-4,89 	9.951.100
15/05/2015 	21,28 	21,19 	21,65 	-0,05 	-0,23 	5.488.400
14/05/2015 	21,33 	21,14 	22,05 	-0,27 	-1,25 	7.164.900
13/05/2015 	21,60 	21,52 	22,38 	-0,73 	-3,27 	9.246.300
12/05/2015 	22,33 	22,26 	23,59 	-0,95 	-4,08 	6.229.100
11/05/2015 	23,28 	23,07 	23,94 	0,53 	2,33 	8.114.400
8/05/2015 	22,75 	22,71 	24,70 	-1,13 	-4,73 	10.198.700
7/05/2015 	23,88 	23,57 	25,40 	-1,05 	-4,21 	12.409.400
6/05/2015 	24,93 	24,88 	27,89 	-2,13 	-7,87 	17.325.100
5/05/2015 	27,06 	24,76 	27,11 	2,28 	9,20 	14.135.800
4/05/2015 	24,78 	23,72 	24,78 	2,13 	9,40 	9.920.300
30/04/2015 	22,65 	20,37 	22,76 	1,54 	7,30 	21.799.200
29/04/2015 	21,11 	21,09 	21,87 	-1,44 	-6,39 	13.797.800
28/04/2015 	22,55 	22,07 	24,14 	-0,91 	-3,88 	16.718.500
27/04/2015 	23,46 	23,04 	24,81 	0,26 	1,12 	16.778.800
24/04/2015 	23,20 	21,90 	23,55 	2,11 	10,00 	20.663.500
23/04/2015 	21,09 	19,26 	21,25 	1,64 	8,43 	8.092.800
22/04/2015 	19,45 	18,21 	19,56 	1,72 	9,70 	7.952.200
20/04/2015 	17,73 	17,71 	18,12 	-0,07 	-0,39 	2.998.200
17/04/2015 	17,80 	17,76 	18,12 	-0,26 	-1,44 	4.028.500
16/04/2015 	18,06 	18,01 	18,72 	-0,54 	-2,90 	4.674.500
15/04/2015 	18,60 	18,10 	18,71 	0,37 	2,03 	8.474.000
14/04/2015 	18,75 	18,55 	19,25 	0,51 	2,80 	6.815.000
13/04/2015 	18,24 	18,04 	18,87 	-0,18 	-0,98 	4.690.000
10/04/2015 	18,42 	18,42 	18,93 	-0,38 	-2,02 	3.778.500
9/04/2015 	18,80 	18,19 	18,93 	0,05 	0,27 	7.782.100
8/04/2015 	18,75 	18,63 	19,55 	-0,25 	-1,32 	6.444.700
7/04/2015 	19,00 	18,27 	19,20 	0,87 	4,80 	11.637.800
6/04/2015 	18,13 	17,88 	18,50 	0,13 	0,72 	4.681.500
2/04/2015 	18,00 	17,17 	18,14 	0,46 	2,62 	6.403.700
1/04/2015 	17,54 	17,37 	17,81 	-0,40 	-2,23 	10.492.800
31/03/2015 	17,94 	17,83 	18,37 	-0,68 	-3,65 	4.660.000
30/03/2015 	18,62 	18,23 	18,73 	0,27 	1,47 	4.000.500
27/03/2015 	18,35 	18,17 	18,88 	-0,57 	-3,01 	5.998.700
26/03/2015 	18,92 	18,92 	19,81 	-0,84 	-4,25 	6.776.800
25/03/2015 	19,76 	19,28 	19,94 	0,18 	0,92 	4.521.200
24/03/2015 	19,58 	19,41 	20,43 	-0,80 	-3,93 	5.121.100
23/03/2015 	20,38 	19,88 	20,46 	0,13 	0,64 	4.800.500
20/03/2015 	20,25 	19,09 	20,25 	1,10 	5,74 	10.088.500
19/03/2015 	19,15 	19,15 	19,67 	-0,44 	-2,25 	3.453.200
18/03/2015 	19,59 	19,13 	19,71 	-0,29 	-1,46 	9.372.500
17/03/2015 	19,88 	18,97 	20,00 	0,98 	5,19 	8.560.000
16/03/2015 	18,90 	18,53 	19,33 	0,02 	0,11 	7.563.100
13/03/2015 	18,88 	18,15 	19,13 	0,02 	0,11 	14.047.100
12/03/2015 	18,86 	18,86 	19,56 	0,00 	0,00 	10.300.900
11/03/2015 	18,86 	18,78 	19,18 	-0,24 	-1,26 	11.122.900
10/03/2015 	19,10 	19,04 	19,53 	-0,44 	-2,25 	5.689.100
9/03/2015 	19,54 	19,15 	19,77 	-0,05 	-0,26 	5.316.800
6/03/2015 	19,59 	19,07 	19,87 	0,09 	0,46 	7.272.700
5/03/2015 	19,50 	19,39 	20,38 	-0,89 	-4,36 	7.099.300
4/03/2015 	20,39 	20,09 	20,67 	-0,40 	-1,92 	5.950.500
3/03/2015 	20,79 	20,62 	21,12 	0,23 	1,12 	4.368.700
2/03/2015 	20,56 	20,39 	21,25 	-0,69 	-3,25 	4.530.500
27/02/2015 	21,25 	21,11 	21,63 	0,00 	0,00 	4.924.700
26/02/2015 	21,25 	20,88 	21,94 	-0,89 	-4,02 	7.328.900
25/02/2015 	22,14 	21,80 	22,26 	0,10 	0,45 	4.706.300
24/02/2015 	22,04 	21,59 	22,29 	0,42 	1,94 	6.375.200
23/02/2015 	21,62 	21,38 	22,28 	-1,00 	-4,42 	5.537.800
20/02/2015 	22,62 	21,95 	22,71 	0,52 	2,35 	2.482.200
19/02/2015 	22,10 	22,04 	22,88 	-0,61 	-2,69 	4.582.500
18/02/2015 	22,71 	22,68 	23,00 	0,23 	1,02 	5.790.600
13/02/2015 	22,48 	21,81 	22,70 	0,90 	4,17 	6.851.900
12/02/2015 	21,58 	21,27 	21,87 	0,48 	2,27 	5.596.600
11/02/2015 	21,10 	20,33 	21,18 	0,70 	3,43 	5.674.300
10/02/2015 	20,40 	20,40 	21,61 	-1,19 	-5,51 	5.590.700
9/02/2015 	21,59 	20,21 	21,86 	1,17 	5,73 	4.425.200
6/02/2015 	20,42 	19,96 	20,63 	-0,03 	-0,15 	4.364.200
5/02/2015 	20,45 	20,43 	21,17 	-0,10 	-0,49 	4.486.300
4/02/2015 	20,55 	20,16 	21,17 	-0,32 	-1,53 	7.333.200
3/02/2015 	20,87 	20,13 	21,22 	1,13 	5,72 	9.620.100
2/02/2015 	19,74 	18,65 	19,82 	1,13 	6,07 	6.244.700
30/01/2015 	18,61 	17,65 	18,68 	0,56 	3,10 	7.131.500
29/01/2015 	18,05 	17,91 	19,21 	-0,90 	-4,75 	8.447.200
28/01/2015 	18,95 	18,65 	19,35 	-0,05 	-0,26 	3.972.900
27/01/2015 	19,00 	18,58 	19,54 	-0,58 	-2,96 	5.447.200
26/01/2015 	19,58 	19,57 	20,11 	-0,94 	-4,58 	4.844.000
23/01/2015 	20,52 	20,47 	21,60 	-1,39 	-6,34 	7.128.900
22/01/2015 	21,91 	21,76 	22,87 	-0,17 	-0,77 	4.007.100
21/01/2015 	22,08 	21,51 	22,28 	0,34 	1,56 	2.815.600
20/01/2015 	21,74 	21,52 	22,08 	0,09 	0,42 	2.047.600
19/01/2015 	21,65 	21,30 	21,68 	-0,23 	-1,05 	2.088.400
16/01/2015 	21,88 	20,85 	22,22 	0,94 	4,49 	3.911.000
15/01/2015 	20,94 	20,45 	21,26 	0,24 	1,16 	5.707.000
14/01/2015 	20,70 	20,69 	22,00 	-1,81 	-8,04 	10.770.100
13/01/2015 	22,51 	22,51 	23,13 	-0,13 	-0,57 	6.022.900
12/01/2015 	22,64 	21,93 	22,65 	0,29 	1,30 	4.512.700
9/01/2015 	22,35 	22,29 	22,85 	-0,49 	-2,15 	3.571.100
8/01/2015 	22,84 	22,11 	22,88 	0,24 	1,06 	4.623.300
7/01/2015 	22,60 	21,97 	22,81 	0,80 	3,67 	6.033.900
6/01/2015 	21,80 	21,07 	22,13 	0,84 	4,01 	9.774.000
5/01/2015 	20,96 	20,51 	21,13 	-0,32 	-1,50 	8.295.300
2/01/2015 	21,28 	21,06 	21,95 	-0,63 	-2,88 	5.612.900
30/12/2014 	21,91 	21,88 	22,61 	-0,20 	-0,90 	4.134.300
29/12/2014 	22,11 	21,70 	22,25 	0,43 	1,98 	2.274.100
26/12/2014 	21,68 	21,68 	22,41 	-0,54 	-2,43 	2.417.400
23/12/2014 	22,22 	21,05 	22,30 	0,85 	3,98 	4.238.500
22/12/2014 	21,37 	21,15 	22,01 	-0,20 	-0,93 	6.315.200
19/12/2014 	21,57 	20,03 	21,57 	1,61 	8,07 	5.166.100
18/12/2014 	19,96 	19,45 	20,03 	0,25 	1,27 	9.448.900
17/12/2014 	19,71 	19,34 	19,85 	0,36 	1,86 	15.000.100
16/12/2014 	19,35 	18,20 	19,62 	0,66 	3,53 	12.351.500
15/12/2014 	18,69 	18,54 	19,36 	-0,22 	-1,16 	8.698.800
12/12/2014 	18,91 	18,91 	19,69 	-0,46 	-2,37 	5.595.500
11/12/2014 	19,37 	19,13 	19,94 	-0,56 	-2,81 	6.276.600
10/12/2014 	19,93 	19,93 	20,82 	-0,77 	-3,72 	4.695.700
9/12/2014 	20,70 	20,29 	21,08 	-0,48 	-2,27 	7.290.400
8/12/2014 	21,18 	21,01 	21,86 	-0,70 	-3,20 	6.437.100
5/12/2014 	21,88 	21,40 	22,04 	0,21 	0,97 	6.340.100
4/12/2014 	21,67 	21,41 	22,01 	-0,28 	-1,28 	7.856.700
3/12/2014 	21,95 	21,62 	22,20 	0,30 	1,39 	5.156.800
2/12/2014 	21,65 	21,65 	22,74 	-0,57 	-2,57 	6.145.800
1/12/2014 	22,22 	22,09 	23,03 	-1,08 	-4,64 	7.728.900
28/11/2014 	23,30 	23,04 	23,65 	0,32 	1,39 	4.754.200
27/11/2014 	22,98 	22,98 	23,74 	-0,06 	-0,26 	2.129.700
26/11/2014 	23,04 	23,04 	24,05 	-0,92 	-3,84 	5.151.500
25/11/2014 	23,96 	23,56 	23,96 	0,26 	1,10 	4.874.900
24/11/2014 	23,70 	23,47 	24,13 	0,11 	0,47 	5.451.000
21/11/2014 	23,59 	22,76 	24,10 	1,43 	6,45 	21.586.000
19/11/2014 	22,16 	21,67 	22,25 	0,13 	0,59 	8.042.000
18/11/2014 	22,03 	22,01 	22,89 	-0,90 	-3,92 	6.002.700
17/11/2014 	22,93 	22,75 	23,18 	-0,07 	-0,30 	3.821.100
14/11/2014 	23,00 	22,06 	23,10 	0,54 	2,40 	6.490.200
13/11/2014 	22,46 	22,45 	22,84 	-0,06 	-0,27 	4.026.100
12/11/2014 	22,52 	22,50 	23,05 	-0,05 	-0,22 	7.710.400
11/11/2014 	22,57 	22,28 	23,05 	-0,73 	-3,13 	5.322.800
10/11/2014 	23,30 	23,30 	24,50 	-0,72 	-3,00 	2.938.500
7/11/2014 	24,02 	23,66 	24,35 	0,37 	1,56 	3.619.400
6/11/2014 	23,65 	23,31 	23,88 	-0,35 	-1,46 	5.024.700
5/11/2014 	24,00 	23,46 	24,28 	-0,11 	-0,46 	5.417.700
4/11/2014 	24,11 	23,80 	24,83 	-0,79 	-3,17 	4.722.900
3/11/2014 	24,90 	24,31 	24,90 	-0,10 	-0,40 	6.395.800
31/10/2014 	25,00 	23,81 	25,00 	1,30 	5,49 	5.294.600
30/10/2014 	23,70 	23,50 	24,10 	-1,06 	-4,28 	5.587.900
29/10/2014 	24,76 	24,76 	26,32 	-1,38 	-5,28 	10.757.500
28/10/2014 	26,14 	25,93 	26,77 	-0,21 	-0,80 	7.251.000
27/10/2014 	26,35 	26,19 	27,00 	-1,10 	-4,01 	10.214.700
24/10/2014 	27,45 	26,89 	28,08 	0,20 	0,73 	7.047.000
23/10/2014 	27,25 	26,30 	27,59 	0,49 	1,83 	6.845.600
22/10/2014 	26,76 	26,41 	27,03 	0,00 	0,00 	4.046.800
21/10/2014 	26,76 	25,92 	26,94 	0,41 	1,56 	7.346.500
20/10/2014 	26,35 	26,07 	26,63 	-0,27 	-1,01 	3.525.600
17/10/2014 	26,62 	26,18 	27,08 	0,14 	0,53 	6.817.000
16/10/2014 	27,38 	26,69 	27,81 	-0,92 	-3,25 	8.161.300
15/10/2014 	28,30 	27,44 	28,37 	-0,01 	-0,04 	6.206.500
14/10/2014 	28,31 	27,59 	28,74 	0,82 	2,98 	4.728.800
13/10/2014 	27,49 	27,04 	28,12 	1,24 	4,72 	6.318.400
10/10/2014 	26,25 	26,25 	26,91 	-0,65 	-2,42 	3.759.700
9/10/2014 	26,90 	0,00 	0,00 	-0,47 	-1,72 	6.315.700
8/10/2014 	27,37 	27,13 	27,79 	-0,03 	-0,11 	5.308.800
7/10/2014 	27,40 	27,26 	27,83 	0,06 	0,22 	6.606.600
6/10/2014 	27,34 	27,22 	28,14 	0,14 	0,51 	8.357.800
3/10/2014 	27,20 	26,86 	27,66 	-0,41 	-1,48 	4.397.600
2/10/2014 	27,61 	26,62 	27,84 	0,78 	2,91 	5.268.100
1/10/2014 	26,83 	26,60 	27,51 	-0,02 	-0,07 	5.330.000
30/09/2014 	26,85 	26,25 	27,47 	0,31 	1,17 	6.595.800
29/09/2014 	26,54 	26,14 	26,99 	-0,43 	-1,59 	6.024.500
26/09/2014 	26,97 	26,97 	27,56 	-0,38 	-1,39 	6.909.600
25/09/2014 	27,35 	27,04 	27,60 	-0,29 	-1,05 	4.236.400
24/09/2014 	27,64 	27,55 	28,05 	0,09 	0,33 	6.303.500
23/09/2014 	27,55 	27,29 	27,71 	0,27 	0,99 	4.587.500
22/09/2014 	27,28 	26,96 	27,85 	-1,04 	-3,67 	8.637.500
19/09/2014 	28,32 	28,32 	29,07 	-0,77 	-2,65 	6.870.700
18/09/2014 	29,09 	28,85 	29,51 	0,03 	0,10 	4.923.600
17/09/2014 	29,06 	28,89 	29,50 	-0,09 	-0,31 	3.672.100
16/09/2014 	29,15 	28,81 	29,57 	0,04 	0,14 	4.510.400
15/09/2014 	29,11 	28,78 	29,24 	0,49 	1,71 	3.318.900
12/09/2014 	28,62 	28,00 	28,75 	0,26 	0,92 	8.296.100
11/09/2014 	28,36 	28,19 	28,55 	-0,04 	-0,14 	3.393.700
10/09/2014 	28,40 	28,10 	28,77 	-0,21 	-0,73 	6.091.900
9/09/2014 	28,61 	28,05 	28,89 	0,51 	1,81 	6.912.900
8/09/2014 	28,10 	27,80 	28,35 	-0,15 	-0,53 	9.018.400
5/09/2014 	28,25 	27,87 	28,68 	-0,43 	-1,50 	9.987.000
4/09/2014 	28,68 	28,68 	29,06 	-0,32 	-1,10 	4.098.400
3/09/2014 	29,00 	28,76 	29,50 	0,25 	0,87 	5.549.300
2/09/2014 	28,75 	28,70 	29,30 	-0,20 	-0,69 	3.345.900
1/09/2014 	28,95 	28,88 	29,50 	-0,17 	-0,58 	1.645.800
29/08/2014 	29,12 	28,81 	29,65 	-0,21 	-0,72 	8.292.000
28/08/2014 	29,33 	29,11 	30,23 	-1,35 	-4,40 	8.362.000
27/08/2014 	30,68 	30,68 	31,22 	-0,34 	-1,10 	4.380.300
26/08/2014 	31,02 	30,82 	31,38 	-0,15 	-0,48 	3.859.400
25/08/2014 	31,17 	31,13 	31,53 	-0,20 	-0,64 	3.180.100
22/08/2014 	31,37 	31,16 	31,45 	-0,19 	-0,60 	1.941.000
21/08/2014 	31,56 	31,43 	31,96 	-0,21 	-0,66 	3.587.400
20/08/2014 	31,77 	31,25 	31,90 	0,52 	1,66 	3.120.100
19/08/2014 	31,25 	30,91 	31,53 	0,01 	0,03 	2.893.000
18/08/2014 	31,24 	30,80 	31,30 	0,24 	0,77 	2.469.300
15/08/2014 	31,00 	30,66 	31,10 	0,41 	1,34 	2.939.800
14/08/2014 	30,59 	30,27 	31,25 	-0,75 	-2,39 	5.994.000
13/08/2014 	31,34 	31,00 	31,82 	-0,67 	-2,09 	5.449.200
12/08/2014 	32,01 	31,72 	32,05 	0,17 	0,53 	3.624.600
11/08/2014 	31,84 	31,84 	32,31 	0,23 	0,73 	3.911.100
8/08/2014 	31,61 	31,36 	31,91 	0,01 	0,03 	3.061.800
7/08/2014 	31,60 	31,54 	32,14 	-0,20 	-0,63 	2.363.200
6/08/2014 	31,80 	31,55 	32,07 	0,18 	0,57 	2.633.700
5/08/2014 	31,62 	31,56 	32,00 	-0,52 	-1,62 	3.022.200
4/08/2014 	32,14 	31,55 	32,14 	0,37 	1,16 	3.203.300
1/08/2014 	31,77 	31,65 	32,55 	-0,78 	-2,40 	3.871.300
30/07/2014 	32,22 	32,15 	32,99 	-0,70 	-2,13 	4.955.200
29/07/2014 	32,92 	32,82 	33,25 	0,10 	0,30 	3.000.500
28/07/2014 	32,82 	32,57 	33,05 	0,44 	1,36 	5.104.000
25/07/2014 	32,38 	32,25 	32,50 	0,04 	0,12 	1.925.200
24/07/2014 	32,34 	31,99 	32,60 	0,61 	1,92 	3.285.000
23/07/2014 	31,73 	31,72 	32,21 	-0,14 	-0,44 	2.656.000
22/07/2014 	31,87 	31,80 	32,14 	0,31 	0,98 	3.810.500
21/07/2014 	31,56 	31,23 	31,72 	0,11 	0,35 	3.176.000
18/07/2014 	31,45 	31,40 	32,00 	-0,03 	-0,10 	4.786.500
17/07/2014 	31,48 	31,44 	31,93 	-0,44 	-1,38 	3.712.200
16/07/2014 	31,92 	31,37 	32,08 	0,86 	2,77 	5.259.000
15/07/2014 	31,06 	30,90 	31,29 	0,20 	0,65 	3.295.400
14/07/2014 	30,86 	30,80 	31,20 	0,16 	0,52 	4.632.700
11/07/2014 	30,70 	30,40 	31,00 	-0,10 	-0,32 	2.503.000
10/07/2014 	30,80 	30,51 	30,98 	-0,01 	-0,03 	4.147.800
8/07/2014 	30,81 	30,57 	31,02 	0,01 	0,03 	1.739.300
7/07/2014 	30,80 	30,61 	31,21 	-0,42 	-1,35 	2.539.800
4/07/2014 	31,22 	31,00 	31,25 	0,18 	0,58 	708.300
3/07/2014 	31,04 	30,56 	31,38 	0,60 	1,97 	5.200.300
2/07/2014 	30,44 	29,73 	30,53 	0,79 	2,66 	6.069.200
1/07/2014 	29,65 	29,50 	29,97 	0,41 	1,40 	2.842.300
30/06/2014 	29,24 	28,81 	29,32 	0,18 	0,62 	2.898.100
27/06/2014 	29,06 	29,00 	29,54 	-0,28 	-0,95 	1.856.800
26/06/2014 	29,34 	28,99 	29,75 	0,68 	2,37 	3.147.000
25/06/2014 	28,66 	28,47 	29,07 	-0,05 	-0,17 	1.970.800
24/06/2014 	28,71 	28,64 	29,29 	-0,40 	-1,37 	3.574.800
23/06/2014 	29,11 	28,91 	29,38 	0,34 	1,18 	2.692.000
20/06/2014 	28,77 	28,50 	28,99 	-0,08 	-0,28 	2.126.600
18/06/2014 	28,85 	28,43 	28,96 	0,40 	1,41 	5.681.600
17/06/2014 	28,45 	28,26 	28,48 	0,03 	0,11 	2.550.400
16/06/2014 	28,42 	28,21 	28,75 	-0,18 	-0,63 	3.254.100
13/06/2014 	28,60 	28,48 	29,04 	-1,04 	-3,51 	4.585.300
11/06/2014 	29,64 	29,31 	29,93 	0,20 	0,68 	3.670.700
10/06/2014 	29,44 	29,08 	29,75 	-0,19 	-0,64 	5.001.500
9/06/2014 	29,63 	29,36 	29,80 	0,26 	0,89 	5.506.200
6/06/2014 	29,37 	29,14 	29,60 	0,59 	2,05 	6.892.600
5/06/2014 	28,78 	28,75 	29,23 	-0,14 	-0,48 	2.882.700
4/06/2014 	28,92 	28,76 	29,24 	0,07 	0,24 	2.945.200
3/06/2014 	28,85 	28,68 	29,20 	-0,29 	-1,00 	1.992.800
2/06/2014 	29,14 	28,65 	29,37 	0,74 	2,61 	3.089.700
30/05/2014 	28,40 	28,29 	28,94 	-0,94 	-3,20 	6.069.000
29/05/2014 	29,34 	28,85 	29,34 	0,25 	0,86 	1.818.000
28/05/2014 	29,09 	28,86 	29,25 	0,00 	0,00 	3.760.400
27/05/2014 	29,09 	29,09 	29,70 	-0,51 	-1,72 	3.132.600
26/05/2014 	29,60 	29,39 	29,77 	0,34 	1,16 	927.400
23/05/2014 	29,26 	29,12 	29,58 	-0,08 	-0,27 	2.502.600
22/05/2014 	29,34 	29,17 	29,81 	0,45 	1,56 	2.575.400
21/05/2014 	28,89 	28,89 	29,39 	0,03 	0,10 	2.896.700
20/05/2014 	28,86 	28,85 	29,65 	-0,61 	-2,07 	3.977.800
19/05/2014 	29,47 	29,45 	30,10 	-0,93 	-3,06 	3.851.500
16/05/2014 	30,40 	30,18 	30,86 	-0,70 	-2,25 	3.635.200
15/05/2014 	31,10 	30,82 	31,43 	-0,29 	-0,92 	2.678.800
14/05/2014 	31,39 	30,72 	31,48 	0,74 	2,41 	3.719.000
13/05/2014 	30,65 	30,40 	30,93 	0,05 	0,16 	3.065.200
12/05/2014 	30,60 	29,69 	30,70 	1,38 	4,72 	3.127.000
9/05/2014 	29,22 	29,22 	29,67 	-0,25 	-0,85 	3.246.200
8/05/2014 	29,47 	29,22 	30,20 	-0,50 	-1,67 	3.723.400
7/05/2014 	29,97 	29,67 	30,24 	0,15 	0,50 	3.228.200
6/05/2014 	29,82 	29,78 	30,42 	-0,29 	-0,96 	3.216.400
5/05/2014 	30,11 	29,77 	30,44 	-0,09 	-0,30 	2.406.700
2/05/2014 	30,20 	29,38 	30,39 	0,80 	2,72 	6.526.300
30/04/2014 	29,40 	28,72 	29,67 	-0,38 	-1,28 	8.176.700
29/04/2014 	29,78 	29,62 	29,96 	0,19 	0,64 	3.839.800
28/04/2014 	29,59 	29,14 	30,00 	-0,73 	-2,41 	3.554.100
25/04/2014 	30,32 	30,08 	30,70 	-0,47 	-1,53 	4.635.200
24/04/2014 	30,79 	30,27 	31,15 	0,50 	1,65 	3.242.400
23/04/2014 	30,29 	30,21 	30,80 	-0,42 	-1,37 	3.524.800
22/04/2014 	30,71 	30,71 	31,37 	-0,94 	-2,97 	5.726.300
17/04/2014 	31,65 	31,05 	31,91 	0,57 	1,83 	2.735.900
16/04/2014 	31,08 	30,92 	31,42 	0,14 	0,45 	3.224.200
15/04/2014 	30,94 	30,25 	32,25 	-1,05 	-3,28 	7.168.900
14/04/2014 	32,89 	32,76 	33,24 	-0,08 	-0,24 	4.118.100
11/04/2014 	32,97 	32,15 	32,97 	0,17 	0,52 	4.172.600
10/04/2014 	32,80 	32,50 	33,09 	-0,18 	-0,55 	2.960.400
9/04/2014 	32,98 	32,74 	33,46 	-0,28 	-0,84 	4.043.600
8/04/2014 	33,26 	33,13 	34,44 	-0,08 	-0,24 	5.925.900
7/04/2014 	33,34 	32,69 	33,43 	0,86 	2,65 	3.763.900
4/04/2014 	32,48 	32,48 	33,35 	-0,43 	-1,31 	6.169.700
3/04/2014 	32,91 	32,12 	33,06 	0,38 	1,17 	6.135.300
2/04/2014 	32,53 	31,34 	33,02 	1,17 	3,73 	11.279.600
1/04/2014 	31,36 	31,05 	31,84 	-0,06 	-0,19 	5.557.800
31/03/2014 	31,42 	31,30 	32,00 	0,41 	1,32 	5.954.700
28/03/2014 	31,01 	30,71 	31,51 	-0,10 	-0,32 	5.312.800
27/03/2014 	31,11 	30,64 	31,19 	0,64 	2,10 	6.924.600
26/03/2014 	30,47 	30,46 	31,31 	-0,35 	-1,14 	5.282.100
25/03/2014 	30,82 	30,69 	31,21 	0,24 	0,78 	5.788.600
24/03/2014 	30,58 	30,28 	30,78 	0,15 	0,49 	4.437.800
21/03/2014 	30,43 	29,65 	30,77 	0,55 	1,84 	6.243.800
20/03/2014 	29,88 	29,26 	30,13 	0,27 	0,91 	6.236.800
19/03/2014 	29,61 	29,48 	30,21 	-0,20 	-0,67 	6.316.100
18/03/2014 	29,81 	29,27 	29,98 	0,50 	1,71 	4.692.400
17/03/2014 	29,31 	29,25 	30,05 	0,05 	0,17 	3.554.500
14/03/2014 	29,26 	29,08 	29,66 	-0,04 	-0,14 	4.917.300
13/03/2014 	29,30 	29,22 	30,56 	-0,81 	-2,69 	4.895.900
12/03/2014 	30,11 	29,31 	30,32 	0,56 	1,90 	5.236.300
11/03/2014 	29,55 	29,48 	30,49 	-0,49 	-1,63 	5.624.800
10/03/2014 	30,04 	29,50 	30,19 	-0,51 	-1,67 	7.961.300
7/03/2014 	30,55 	30,44 	31,68 	-1,20 	-3,78 	5.466.500
6/03/2014 	31,75 	31,74 	32,18 	-0,10 	-0,31 	5.463.300
5/03/2014 	31,85 	31,76 	32,74 	-1,15 	-3,48 	3.195.500
28/02/2014 	33,00 	32,57 	33,20 	-0,01 	-0,03 	7.171.400
27/02/2014 	33,01 	32,66 	33,55 	0,49 	1,51 	3.877.400
26/02/2014 	32,52 	32,18 	32,96 	0,01 	0,03 	4.834.000
25/02/2014 	32,51 	32,39 	33,24 	-1,16 	-3,45 	3.715.200
24/02/2014 	33,67 	33,66 	34,57 	-0,94 	-2,72 	3.897.900
21/02/2014 	34,61 	34,40 	34,88 	0,09 	0,26 	3.880.500
20/02/2014 	34,52 	34,50 	34,91 	-0,40 	-1,15 	5.843.300
19/02/2014 	34,92 	34,37 	35,09 	0,35 	1,01 	5.316.100
18/02/2014 	34,57 	34,50 	35,19 	0,08 	0,23 	7.515.100
17/02/2014 	34,49 	34,49 	35,09 	-0,35 	-1,00 	1.369.500
14/02/2014 	34,84 	34,25 	34,95 	0,52 	1,52 	4.724.200
13/02/2014 	34,32 	33,81 	34,45 	-0,14 	-0,41 	6.414.100
12/02/2014 	34,46 	34,30 	34,87 	-0,03 	-0,09 	5.853.900
11/02/2014 	34,49 	33,60 	34,63 	0,85 	2,53 	5.512.800
10/02/2014 	33,64 	33,57 	34,43 	-0,41 	-1,20 	3.848.600
7/02/2014 	34,05 	33,79 	34,63 	-0,21 	-0,61 	3.895.800
6/02/2014 	34,26 	33,93 	34,78 	0,76 	2,27 	6.212.900
5/02/2014 	33,50 	32,66 	33,61 	0,83 	2,54 	7.054.400
4/02/2014 	32,67 	31,97 	32,95 	0,54 	1,68 	3.532.700
3/02/2014 	32,13 	32,09 	33,00 	-0,92 	-2,78 	4.110.000
31/01/2014 	33,05 	32,04 	33,16 	0,55 	1,69 	4.559.200
30/01/2014 	32,50 	32,41 	33,38 	-0,60 	-1,81 	5.604.700
29/01/2014 	33,10 	31,48 	33,57 	1,35 	4,25 	8.922.600
28/01/2014 	31,75 	31,65 	32,06 	0,63 	2,02 	4.772.600
27/01/2014 	31,12 	30,70 	31,46 	-0,13 	-0,42 	4.238.600
24/01/2014 	31,25 	30,75 	31,40 	0,32 	1,03 	8.290.500
23/01/2014 	30,93 	30,92 	31,80 	-0,88 	-2,77 	8.139.700
22/01/2014 	31,81 	31,11 	32,01 	0,73 	2,35 	5.161.000
21/01/2014 	31,08 	31,03 	31,89 	-0,71 	-2,23 	5.391.400
20/01/2014 	31,79 	31,56 	32,44 	-0,70 	-2,15 	1.652.600
17/01/2014 	32,49 	32,37 	32,96 	-0,34 	-1,04 	4.032.000
16/01/2014 	32,83 	32,59 	33,36 	0,38 	1,17 	4.040.500
15/01/2014 	32,45 	31,83 	32,52 	0,43 	1,34 	4.740.800
14/01/2014 	32,02 	31,73 	32,26 	-0,02 	-0,06 	4.353.800
13/01/2014 	32,04 	31,87 	32,45 	-0,21 	-0,65 	4.244.400
10/01/2014 	32,25 	32,17 	32,86 	-0,04 	-0,12 	4.195.900
9/01/2014 	32,29 	32,15 	33,48 	-1,19 	-3,55 	5.331.900
8/01/2014 	33,48 	33,27 	33,64 	0,23 	0,69 	2.689.300
7/01/2014 	33,25 	33,12 	34,35 	-0,84 	-2,46 	4.318.900
6/01/2014 	34,09 	33,39 	34,09 	0,28 	0,83 	4.520.600
3/01/2014 	33,81 	33,81 	34,81 	-1,00 	-2,87 	9.141.000
2/01/2014 	34,81 	34,57 	36,05 	-0,90 	-2,52 	4.390.300